x y z track_id event_id
-144.72241 -18.991514 172.87825 0 0
-165.14021 -20.247263 158.43314 0 0
-185.84595 -21.220787 143.95152 0 0
-206.59898 -21.943607 129.39638 0 0
-227.061 -22.449156 115.20921 0 0
-247.62572 -22.694038 100.52361 0 0
-268.38345 -22.672096 86.01269 0 0
-289.02548 -22.410582 71.339905 0 0
-309.7072 -21.895407 56.98662 0 0
-330.37204 -21.130384 42.507854 0 0
-351.03317 -20.113863 27.925266 0 0
-371.7209 -18.84373 13.3758745 0 0
-392.34448 -17.324081 -1.2314316 0 0
-412.79758 -15.557285 -15.810363 0 0
-433.53302 -13.525597 -30.212538 0 0
-454.4537 -11.236624 -44.859947 0 0
-475.03223 -8.7033825 -59.645153 0 0
-495.4818 -5.9166007 -74.06829 0 0
-516.0514 -2.8723357 -88.77302 0 0
-536.66205 0.42721257 -103.31558 0 0
-557.3232 3.9811711 -117.74873 0 0
-577.86365 7.790808 -132.73126 0 0
-598.1176 11.861566 -147.26424 0 0
-618.7826 16.180447 -162.19696 0 0
-639.2603 20.758821 -176.84453 0 0
-659.8561 25.58808 -191.62422 0 0
-680.02673 30.690117 -206.51164 0 0
-700.1463 36.05332 -221.21313 0 0
-720.68646 41.650898 -235.8731 0 0
-740.7834 47.5297 -250.71313 0 0
-761.09406 53.65123 -265.73242 0 0
-781.2349 60.04019 -280.55902 0 0
-801.4075 66.68232 -295.34506 0 0
-821.3228 73.60206 -310.13815 0 0
-841.4573 80.75774 -325.29343 0 0
30.541733 -146.68904 311.29327 1 0
33.02194 -167.31871 316.35092 1 0
35.14392 -187.80656 321.5533 1 0
36.822975 -208.58145 326.34598 1 0
38.152313 -229.11102 331.40186 1 0
39.052113 -249.83209 336.37918 1 0
39.54752 -270.5866 341.4597 1 0
39.664013 -291.1685 346.4026 1 0
39.31774 -312.17532 351.2651 1 0
38.602905 -332.8783 356.34662 1 0
37.46298 -353.69733 361.49 1 0
35.92181 -374.39212 366.39764 1 0
33.931633 -395.44727 371.26416 1 0
31.551105 -416.20227 376.4573 1 0
28.727283 -437.29468 381.59485 1 0
25.5129 -457.92834 386.50412 1 0
21.862947 -478.75244 391.55142 1 0
17.784641 -499.68875 396.6302 1 0
13.296901 -520.08746 401.81754 1 0
8.368755 -540.84564 406.79578 1 0
3.0126736 -561.5568 412.15546 1 0
-2.7736025 -582.1188 417.1207 1 0
-8.9942465 -602.5624 422.18054 1 0
-15.65123 -622.9467 427.35843 1 0
-22.74696 -643.2433 432.8147 1 0
-30.268639 -663.77673 437.9334 1 0
-38.240547 -683.9645 443.21652 1 0
-46.652424 -704.10406 448.21838 1 0
-55.522057 -723.96265 453.52905 1 0
-64.84523 -743.6686 458.94672 1 0
-74.57593 -763.7201 464.33713 1 0
-84.79658 -783.2319 469.45682 1 0
-95.44749 -802.82654 474.7482 1 0
-106.59221 -821.9689 480.25525 1 0
-118.150375 -841.3102 485.5382 1 0
114.88242 89.85765 306.72418 2 0
131.07204 102.571236 311.06308 2 0
147.28696 115.23341 315.42407 2 0
163.58774 127.796135 319.5772 2 0
180.15517 140.1182 323.9394 2 0
196.58707 152.51254 328.22064 2 0
213.20401 164.7293 332.38354 2 0
229.75488 176.96239 336.79385 2 0
246.39845 189.08832 341.1113 2 0
263.23416 201.03079 345.2171 2 0
279.81314 213.13217 349.62726 2 0
296.85712 224.84187 353.91327 2 0
313.73865 236.63672 358.05267 2 0
330.72827 248.31075 362.36694 2 0
347.83783 259.85507 366.70474 2 0
364.90594 271.38983 371.01138 2 0
382.06302 282.81686 375.48605 2 0
399.19473 294.22015 379.70248 2 0
416.61493 305.36823 383.6474 2 0
433.97775 316.51526 388.12808 2 0
451.49683 327.50443 392.51706 2 0
468.83694 338.57834 396.68018 2 0
486.45126 349.4083 401.28214 2 0
504.10123 360.16666 405.35324 2 0
521.5781 371.00104 409.71658 2 0
539.3595 381.57056 414.14502 2 0
557.20526 392.04642 418.27817 2 0
575.09796 402.44037 422.5783 2 0
592.8909 412.85388 426.8878 2 0
610.90906 423.05975 431.0929 2 0
629.0902 433.10208 435.492 2 0
647.06036 443.23776 439.63193 2 0
664.9988 453.34125 444.09183 2 0
683.29193 463.14914 448.41577 2 0
701.5575 472.92188 452.67453 2 0
77.94444 -128.15968 125.73248 3 0
88.219894 -146.02197 105.028915 3 0
98.37922 -163.94885 83.68081 3 0
108.57733 -181.67932 62.75222 3 0
118.41078 -199.88734 41.595207 3 0
128.25111 -217.94887 20.484379 3 0
137.92125 -236.16116 -0.5053009 3 0
147.49753 -254.39307 -21.761023 3 0
156.95982 -272.67722 -42.62015 3 0
166.19955 -291.20218 -63.796482 3 0
175.52643 -309.424 -84.88919 3 0
184.4874 -328.13873 -106.080444 3 0
193.44148 -346.71143 -127.31684 3 0
202.18034 -365.51233 -148.17068 3 0
210.98122 -384.0392 -169.35684 3 0
219.58994 -402.74918 -190.56252 3 0
227.94969 -421.74887 -211.81061 3 0
236.37946 -440.44763 -232.85504 3 0
244.45941 -459.62445 -253.9122 3 0
252.48749 -478.72363 -274.98624 3 0
260.41562 -497.83218 -296.204 3 0
268.33325 -516.77527 -317.40744 3 0
276.00467 -536.0036 -338.53632 3 0
283.5256 -555.3341 -359.9217 3 0
291.0035 -574.5542 -380.74762 3 0
298.25235 -594.0289 -402.40265 3 0
305.44055 -613.4233 -423.36023 3 0
312.3761 -633.12164 -444.53543 3 0
319.24573 -652.74725 -465.80908 3 0
326.1123 -672.1659 -487.18033 3 0
332.7857 -691.7644 -508.34604 3 0
339.27194 -711.53217 -529.55994 3 0
345.6788 -731.2426 -550.7585 3 0
351.89987 -751.1186 -572.11066 3 0
358.0474 -770.91986 -593.4081 3 0
96.9996 -107.1941 109.844215 4 1
110.64327 -122.630775 116.168045 4 1
124.07365 -138.28247 122.648186 4 1
137.78944 -153.59317 129.14632 4 1
151.09082 -169.34006 135.33089 4 1
164.24944 -185.22075 141.62645 4 1
177.37114 -201.11475 148.13359 4 1
190.3165 -217.1783 154.48528 4 1
203.42206 -233.02576 160.52032 4 1
216.22406 -249.185 166.83531 4 1
228.85492 -265.5051 173.32321 4 1
241.4119 -281.87253 179.6779 4 1
253.85262 -298.33487 186.0712 4 1
266.25095 -314.8036 192.4615 4 1
278.4028 -331.5187 198.60611 4 1
290.43866 -348.32565 204.99501 4 1
302.38458 -365.19162 211.37714 4 1
314.2192 -382.14072 217.78674 4 1
325.94043 -399.174 224.03069 4 1
337.6213 -416.20007 230.28865 4 1
349.09943 -433.41714 236.67358 4 1
360.4748 -450.70105 243.15855 4 1
371.82544 -467.95178 249.39983 4 1
382.8416 -485.5582 255.8122 4 1
393.85562 -503.10034 262.08905 4 1
404.915 -520.51245 268.45837 4 1
415.5253 -538.4292 274.98425 4 1
426.25784 -556.1126 281.119 4 1
436.6999 -574.09705 287.70398 4 1
447.08078 -592.08215 293.93637 4 1
457.2728 -610.2351 300.44757 4 1
467.4641 -628.3035 306.83905 4 1
477.5057 -646.48395 313.16544 4 1
487.41324 -664.7544 319.54773 4 1
497.14746 -683.16754 325.80945 4 1
-145.57562 -35.99511 310.238 5 1
-165.86499 -39.776566 344.7658 5 1
-186.23755 -43.25576 379.3027 5 1
-206.6558 -46.439865 413.63016 5 1
-227.16353 -49.31738 448.3519 5 1
-247.5163 -51.93865 482.9323 5 1
-267.97073 -54.24542 517.57965 5 1
-288.63596 -56.215996 552.13293 5 1
-309.2692 -57.8979 586.7291 5 1
-329.8503 -59.29146 621.53174 5 1
-350.7083 -60.33641 655.9746 5 1
-371.46698 -61.098515 690.9069 5 1
-392.14755 -61.569893 725.73785 5 1
-413.24872 -61.67209 760.2441 5 1
-433.8032 -61.549694 795.2604 5 1
-454.80798 -61.054447 830.1253 5 1
-475.72064 -60.263363 864.96497 5 1
-496.47015 -59.180996 900.1089 5 1
-517.313 -57.77328 934.79596 5 1
-538.31586 -56.033752 969.98663 5 1
-559.1139 -53.99972 1005.0514 5 1
-579.99115 -51.639816 1040.3116 5 1
-600.9328 -48.95568 1075.6416 5 1
-621.72266 -45.963505 1110.88 5 1
-642.76227 -42.632046 1146.1176 5 1
-663.73474 -38.984535 1181.589 5 1
-684.31146 -35.035316 1217.0288 5 1
-705.2469 -30.741629 1252.67 5 1
-725.9107 -26.133574 1288.1326 5 1
-746.90436 -21.187223 1323.7896 5 1
-767.47046 -15.925289 1359.7657 5 1
-788.23267 -10.329353 1395.6022 5 1
-808.9667 -4.4048004 1431.5896 5 1
-829.43427 1.8497796 1467.5103 5 1
-849.8942 8.438084 1503.6251 5 1
-145.74185 -35.19021 93.25842 6 1
-165.7024 -40.478264 97.023094 6 1
-185.53731 -45.89705 101.36015 6 1
-205.45427 -51.395264 105.11298 6 1
-225.36386 -56.99437 109.14287 6 1
-245.05515 -62.74801 113.20897 6 1
-264.80948 -68.58474 117.26869 6 1
-284.4738 -74.543655 121.13794 6 1
-304.18433 -80.58897 125.09301 6 1
-323.9069 -86.72896 129.08638 6 1
-343.55432 -92.98664 132.93964 6 1
-362.98157 -99.40188 136.83922 6 1
-382.621 -105.85652 140.87903 6 1
-402.11584 -112.44793 145.01938 6 1
-421.5028 -119.166504 148.81648 6 1
-441.28918 -125.86792 152.81912 6 1
-460.56027 -132.81184 156.8273 6 1
-479.88184 -139.83754 160.89256 6 1
-499.43573 -146.89055 164.75562 6 1
-518.6064 -154.15115 168.76315 6 1
-538.0138 -161.43619 172.73024 6 1
-557.18066 -168.88762 176.67365 6 1
-576.55774 -176.36914 180.64041 6 1
-595.58887 -184.05013 184.90482 6 1
-614.9245 -191.73022 188.40788 6 1
-634.0253 -199.57596 192.5055 6 1
-653.04865 -207.53888 196.57895 6 1
-672.1263 -215.57677 200.68123 6 1
-691.18884 -223.71106 204.58025 6 1
-710.1232 -231.97823 208.44789 6 1
-728.9326 -240.37778 212.54909 6 1
-747.8976 -248.8169 216.40933 6 1
-766.7711 -257.37646 220.43835 6 1
-785.54407 -266.05984 224.58278 6 1
-804.12396 -274.89886 228.56671 6 1
-129.51077 -75.19445 83.767624 7 1
-147.0906 -86.04002 86.595795 7 1
-164.29137 -97.17417 88.98873 7 1
-181.61546 -108.30169 91.6034 7 1
-199.05336 -119.42505 94.34182 7 1
-216.06319 -130.86908 96.974464 7 1
-233.38669 -142.18611 99.52241 7 1
-250.47453 -153.70776 102.145424 7 1
-267.4374 -165.36732 104.9201 7 1
-284.41495 -177.07805 107.58341 7 1
-301.443 -188.81584 110.18573 7 1
-317.9696 -200.92719 112.53556 7 1
-334.7753 -212.92087 115.305695 7 1
-351.39197 -225.0915 117.94235 7 1
-367.88544 -237.39769 120.59404 7 1
-384.68726 -249.55948 123.1522 7 1
-401.08926 -262.03406 125.76019 7 1
-417.52133 -274.54242 128.55011 7 1
-433.75928 -287.23114 130.95097 7 1
-450.02087 -299.95612 133.7926 7 1
-466.37433 -312.66974 136.32187 7 1
-482.2637 -325.7447 139.04022 7 1
-498.29208 -338.77567 141.74387 7 1
-514.36523 -351.8238 144.33102 7 1
-530.3151 -365.00253 147.0008 7 1
-546.14886 -378.30707 149.58365 7 1
-561.63055 -391.9019 152.32494 7 1
-577.483 -405.2828 154.70224 7 1
-593.1352 -418.84656 157.40768 7 1
-608.76715 -432.46625 160.14932 7 1
-623.9791 -446.4264 162.65721 7 1
-639.3893 -460.28622 165.56975 7 1
-654.77875 -474.19983 168.0955 7 1
-669.87994 -488.36087 170.58698 7 1
-685.2244 -502.3817 173.24237 7 1
40.687176 139.27127 58.99635 8 1
46.254757 158.9444 58.28009 8 1
51.563267 178.97023 57.455215 8 1
56.717922 198.98605 56.463894 8 1
61.74108 218.90858 55.700005 8 1
66.556725 239.00305 54.90437 8 1
71.28441 258.8372 53.72036 8 1
75.71466 279.16772 53.06928 8 1
80.0666 299.1923 52.301735 8 1
84.19486 319.44437 51.40353 8 1
88.16313 339.68448 50.68657 8 1
91.91141 360.1425 49.72701 8 1
95.54042 380.4235 49.03876 8 1
98.97526 400.8172 47.851738 8 1
102.25749 421.15353 47.250793 8 1
105.347916 441.58914 46.307117 8 1
108.21946 462.24023 45.567905 8 1
110.99055 482.59915 44.69638 8 1
113.55673 503.10727 43.820866 8 1
115.93852 523.6759 43.049744 8 1
118.11954 544.3794 42.17275 8 1
120.13879 565.0376 41.29887 8 1
122.00226 585.6142 40.462406 8 1
123.6308 606.4872 39.498627 8 1
125.1593 626.9953 38.616703 8 1
126.45073 647.8111 37.813602 8 1
127.58798 668.51636 37.09771 8 1
128.54456 689.2406 36.07485 8 1
129.2892 710.15186 35.2714 8 1
129.84953 731.1036 34.472084 8 1
130.27786 751.7919 33.699257 8 1
130.51353 772.55035 32.670605 8 1
130.54132 793.4723 31.903568 8 1
130.3593 814.57794 31.188992 8 1
130.05202 835.3348 30.286716 8 1
125.16972 23.345327 -152.49786 9 2
144.9454 29.418358 -147.58867 9 2
164.53636 35.701775 -142.48524 9 2
184.05936 42.17359 -137.37848 9 2
203.66655 48.796974 -132.3872 9 2
223.11928 55.626537 -127.30345 9 2
242.44759 62.656685 -122.17331 9 2
261.98718 69.798836 -117.14443 9 2
281.0235 77.241974 -112.14779 9 2
300.38303 84.762405 -107.11511 9 2
319.5368 92.50389 -101.83589 9 2
338.61447 100.43036 -96.94471 9 2
357.62476 108.538635 -91.90777 9 2
376.67728 116.79394 -86.82403 9 2
395.31644 125.33775 -81.727066 9 2
414.0822 134.00134 -76.64673 9 2
432.91302 142.80037 -71.47099 9 2
451.39264 151.8714 -66.50698 9 2
470.0382 161.04172 -61.27201 9 2
488.5705 170.40335 -56.352463 9 2
506.85965 180.0023 -51.20691 9 2
525.4112 189.65819 -46.11888 9 2
543.51447 199.6249 -40.99266 9 2
561.8257 209.66328 -35.974213 9 2
579.6909 220.01535 -30.895132 9 2
597.7753 230.43036 -25.810844 9 2
615.6517 241.0692 -20.454939 9 2
633.5081 251.85835 -15.466819 9 2
651.2326 262.8409 -10.326908 9 2
668.9469 273.96686 -5.2255797 9 2
686.36523 285.35263 0.17507644 9 2
703.90247 296.82593 5.0001345 9 2
721.3397 308.47562 10.143115 9 2
738.4044 320.4191 15.272299 9 2
755.57227 332.4511 20.658558 9 2
115.287025 49.48155 -101.6835 10 2
133.83633 58.18186 -88.89975 10 2
152.58804 66.64578 -76.132805 10 2
171.5792 74.85483 -63.460754 10 2
190.4019 82.9855 -50.44939 10 2
209.6013 90.79908 -37.68058 10 2
228.8797 98.42437 -24.950983 10 2
247.89537 106.006226 -12.187781 10 2
267.23022 113.293144 0.76682 10 2
286.6222 120.39635 13.529739 10 2
306.10425 127.300514 26.29615 10 2
325.64197 134.0186 38.97034 10 2
345.30594 140.52023 51.81983 10 2
364.8968 146.88496 64.59636 10 2
384.7546 152.97417 77.57053 10 2
404.5587 158.91519 90.58589 10 2
424.53552 164.61708 103.25768 10 2
444.55643 170.12926 116.17728 10 2
464.49905 175.49625 129.07489 10 2
484.5441 180.64714 141.83347 10 2
504.94894 185.48659 154.72978 10 2
525.16925 190.21506 167.52733 10 2
545.336 194.78061 180.59755 10 2
565.77 199.06721 193.51749 10 2
586.1194 203.1988 206.27797 10 2
606.57465 207.10675 219.26512 10 2
627.08624 210.80714 232.15262 10 2
647.7117 214.2797 244.89803 10 2
668.5476 217.49255 258.14932 10 2
689.1765 220.58063 271.10266 10 2
709.7887 223.47855 283.91272 10 2
730.7316 226.07645 296.95282 10 2
751.4211 228.55519 310.12857 10 2
772.3864 230.75052 323.29196 10 2
793.33875 232.74962 336.31458 10 2
14.059608 122.503586 -281.97845 11 2
16.747406 142.74167 -296.4459 11 2
19.306116 163.20424 -310.89133 11 2
21.762848 183.65631 -325.28143 11 2
24.098747 204.25699 -339.62814 11 2
26.355055 224.65651 -354.2208 11 2
28.490763 245.20195 -368.7806 11 2
30.53744 265.62167 -383.15598 11 2
32.481354 286.0306 -397.6614 11 2
34.2978 306.64734 -412.21738 11 2
36.017464 327.20102 -426.68143 11 2
37.625088 347.8282 -441.3817 11 2
39.147446 368.27936 -455.71204 11 2
40.533466 389.0326 -470.15338 11 2
41.874805 409.20764 -484.71072 11 2
43.037636 430.1035 -499.24792 11 2
44.122574 450.73807 -513.6141 11 2
45.122242 471.16922 -528.08246 11 2
46.008904 491.67728 -542.64594 11 2
46.761154 512.5007 -557.18427 11 2
47.424942 533.1452 -571.72485 11 2
47.99762 553.6258 -586.2256 11 2
48.442513 574.36176 -600.72736 11 2
48.79354 594.95953 -615.107 11 2
49.038803 615.55457 -629.636 11 2
49.164158 636.32776 -644.0822 11 2
49.191845 656.99725 -658.6767 11 2
49.11806 677.6035 -673.3077 11 2
48.929028 698.33484 -687.68195 11 2
48.649597 718.8354 -702.41223 11 2
48.23685 739.73553 -716.9294 11 2
47.73948 760.30444 -731.4635 11 2
47.128315 780.98346 -745.89886 11 2
46.408 801.7043 -760.6234 11 2
45.59014 822.26135 -775.16077 11 2
78.8511 91.47331 193.80115 12 3
95.22548 103.99374 205.19356 12 3
111.86052 116.202705 216.90828 12 3
128.48784 128.37117 228.1479 12 3
145.49759 140.09644 239.71364 12 3
162.63976 151.62636 251.11864 12 3
179.98022 162.89151 262.62003 12 3
197.49048 173.91336 274.11954 12 3
215.07402 184.76924 285.52768 12 3
232.93384 195.27792 296.98398 12 3
251.06854 205.44221 308.4898 12 3
269.03833 215.6152 320.1884 12 3
287.50418 225.25694 331.45062 12 3
305.89322 234.81905 343.0319 12 3
324.5775 244.00592 354.7355 12 3
343.49445 252.86551 366.41125 12 3
362.71222 261.34738 377.88086 12 3
381.70117 269.82767 389.55402 12 3
400.95105 277.94626 401.12756 12 3
420.53247 285.65543 412.71304 12 3
440.1116 293.18054 424.45395 12 3
459.83716 300.41412 435.93365 12 3
479.5702 307.441 447.57065 12 3
499.69562 314.00992 459.4434 12 3
519.8423 320.35464 471.2589 12 3
540.2315 326.33286 482.89682 12 3
560.36395 332.24005 494.62704 12 3
580.8578 337.6991 506.34708 12 3
601.6924 342.72552 518.24585 12 3
622.3738 347.5981 530.11523 12 3
643.3527 352.05655 541.9996 12 3
664.31824 356.2691 553.8726 12 3
685.333 360.1942 565.93896 12 3
706.62726 363.70688 577.7711 12 3
727.94507 366.9371 589.8137 12 3
-146.96945 -13.108464 11.464966 13 3
-167.36832 -16.01545 -5.908214 13 3
-187.77306 -18.825504 -23.577827 13 3
-208.16635 -21.540483 -41.187447 13 3
-228.67165 -24.147442 -58.894054 13 3
-249.09024 -26.667093 -76.34225 13 3
-269.67227 -29.07274 -94.003654 13 3
-289.99664 -31.409685 -111.39182 13 3
-310.49548 -33.631165 -128.98051 13 3
-331.0977 -35.744766 -146.8422 13 3
-351.53818 -37.77905 -164.21059 13 3
-371.93622 -39.720867 -181.86961 13 3
-392.3964 -41.558857 -199.32155 13 3
-412.98132 -43.286472 -217.27028 13 3
-433.59872 -44.91356 -234.6696 13 3
-454.093 -46.45604 -252.14525 13 3
-474.87112 -47.87222 -269.90146 13 3
-495.3169 -49.22446 -287.52777 13 3
-516.0017 -50.455208 -304.96976 13 3
-536.55725 -51.600903 -322.57394 13 3
-557.1355 -52.646393 -340.29752 13 3
-577.8312 -53.582882 -357.7789 13 3
-598.4444 -54.42903 -375.42783 13 3
-618.9544 -55.18612 -393.02695 13 3
-639.6197 -55.830868 -410.8501 13 3
-660.17236 -56.3869 -428.37466 13 3
-680.8684 -56.832066 -446.0594 13 3
-701.4304 -57.18969 -463.60764 13 3
-722.1048 -57.43926 -481.40787 13 3
-742.84863 -57.584633 -498.9448 13 3
-763.56775 -57.633244 -516.67065 13 3
-784.02106 -57.602524 -534.25745 13 3
-804.71466 -57.454582 -551.6519 13 3
-825.5567 -57.197178 -569.6049 13 3
-846.1357 -56.85878 -587.2043 13 3
-105.13148 104.12753 -83.7252 14 3
-119.292015 119.06586 -116.55813 14 3
-133.23676 134.22568 -149.30144 14 3
-147.39877 149.1742 -182.07294 14 3
-161.51056 164.1805 -214.88672 14 3
-175.95618 178.85413 -247.52101 14 3
-190.19716 193.74188 -280.4668 14 3
-204.58661 208.48407 -313.13394 14 3
-219.09776 223.10721 -346.16464 14 3
-233.65402 237.68866 -378.8727 14 3
-248.53276 251.94626 -411.45868 14 3
-263.1668 266.4552 -444.46774 14 3
-277.97604 280.7887 -477.28705 14 3
-292.92892 294.97864 -509.9475 14 3
-307.9231 309.12784 -542.7377 14 3
-322.91556 323.27844 -575.70575 14 3
-337.9346 337.40094 -608.43506 14 3
-353.28372 351.19238 -641.05646 14 3
-368.4209 365.19202 -673.9402 14 3
-383.86145 378.88736 -707.0292 14 3
-399.2016 392.67752 -740.0012 14 3
-414.77933 406.22882 -772.5225 14 3
-430.2022 419.92554 -805.29846 14 3
-445.9732 433.27557 -838.4182 14 3
-461.678 446.68262 -871.2076 14 3
-477.48563 459.98154 -904.0791 14 3
-493.23386 473.32782 -936.8019 14 3
-509.22 486.43515 -969.6891 14 3
-525.0806 499.65076 -1002.64044 14 3
-541.2758 512.5359 -1035.6912 14 3
-557.4238 525.4531 -1068.4897 14 3
-573.5723 538.35583 -1101.2329 14 3
-589.91144 551.06476 -1134.4867 14 3
-606.2685 563.74146 -1167.3124 14 3
-622.59216 576.43225 -1200.0203 14 3
-127.8351 -62.911343 210.17442 15 3
-144.8387 -74.61288 224.14809 15 3
-161.62958 -86.52042 238.36871 15 3
-178.23097 -98.6264 252.46266 15 3
-194.83553 -110.824 266.49686 15 3
-211.42209 -123.119316 280.39554 15 3
-227.89998 -135.56177 294.68225 15 3
-243.96861 -148.33289 308.52176 15 3
-260.38788 -160.97198 322.72766 15 3
-276.43936 -173.9146 336.68286 15 3
-292.48648 -186.93538 350.8391 15 3
-308.11917 -200.29619 364.9174 15 3
-323.91565 -213.62346 379.20306 15 3
-339.42456 -227.20972 393.11862 15 3
-355.26154 -240.64124 407.13928 15 3
-370.49692 -254.54306 421.4088 15 3
-386.0081 -268.31668 435.41733 15 3
-400.99072 -282.51688 449.42767 15 3
-416.15698 -296.64526 463.48553 15 3
-431.06305 -311.0129 478.01465 15 3
-446.00177 -325.40826 491.8519 15 3
-460.605 -340.09784 506.19373 15 3
-475.0948 -354.9199 520.14105 15 3
-489.4889 -369.85925 534.4822 15 3
-504.01328 -384.7413 548.4841 15 3
-518.2079 -399.9133 562.83655 15 3
-532.2859 -415.21255 577.1219 15 3
-546.11847 -430.73892 591.0312 15 3
-559.9692 -446.28387 605.48303 15 3
-573.66205 -461.9839 619.4294 15 3
-587.3173 -477.74033 633.7091 15 3
-600.66113 -493.77438 648.17505 15 3
-613.9414 -509.88315 662.3623 15 3
-627.2288 -526.0041 676.4613 15 3
-640.19324 -542.4117 690.83636 15 3
-105.27106 -89.22884 118.65466 16 3
-120.799904 -102.93733 118.22056 16 3
-136.97449 -115.99454 117.58672 16 3
-153.61562 -128.52495 117.07661 16 3
-170.92102 -140.33728 116.56864 16 3
-188.45222 -151.7653 116.20467 16 3
-206.7757 -162.3227 115.67066 16 3
-225.17232 -172.55115 114.96992 16 3
-244.214 -181.97307 114.25746 16 3
-263.91992 -190.55885 113.93331 16 3
-283.6439 -198.74803 113.476776 16 3
-303.87613 -206.15211 112.79026 16 3
-324.67212 -212.71199 112.29703 16 3
-345.6817 -218.63077 111.61564 16 3
-367.00528 -223.80518 111.153885 16 3
-388.7383 -228.1443 110.49123 16 3
-410.7176 -231.71214 109.95905 16 3
-433.0974 -234.38615 109.53316 16 3
-455.98676 -236.08157 108.912155 16 3
-478.9462 -236.99516 108.360725 16 3
-502.1544 -236.99155 107.668365 16 3
-525.39 -236.13135 107.20702 16 3
-549.1974 -234.12822 106.64493 16 3
-572.8761 -231.24754 106.06533 16 3
-597.0256 -227.19536 105.542755 16 3
-621.0418 -222.16243 104.95458 16 3
-645.3337 -215.94421 104.03553 16 3
-669.62506 -208.58615 103.58695 16 3
-694.0026 -200.00223 102.909355 16 3
-718.15857 -190.21724 102.1267 16 3
-742.4927 -179.05428 101.63741 16 3
-766.8147 -166.49992 100.758 16 3
-791.0305 -152.50104 100.06495 16 3
-815.40155 -136.93178 99.34793 16 3
-838.7978 -119.886765 98.53977 16 3
122.3408 -8.459319 -174.6806 17 4
142.93333 -11.066792 -167.80902 17 4
163.34581 -13.811857 -161.26772 17 4
183.58319 -16.697533 -154.45152 17 4
203.90576 -19.701263 -147.75317 17 4
224.31981 -22.820496 -140.90117 17 4
244.91708 -26.043736 -134.22653 17 4
265.25256 -29.41759 -127.47873 17 4
285.40768 -32.935894 -120.62731 17 4
305.5879 -36.57599 -113.71437 17 4
326.03052 -40.307785 -107.10006 17 4
346.21246 -44.19455 -100.32347 17 4
366.3817 -48.206375 -93.63946 17 4
386.43054 -52.357613 -86.86661 17 4
406.6399 -56.610138 -80.20941 17 4
426.844 -60.985443 -73.235695 17 4
447.07574 -65.47839 -66.79354 17 4
467.30325 -70.093094 -59.81352 17 4
487.4403 -74.84244 -53.171738 17 4
507.28604 -79.75856 -46.37448 17 4
527.3284 -84.76573 -39.484947 17 4
547.4689 -89.87765 -32.87852 17 4
567.32825 -95.15641 -25.971027 17 4
587.4184 -100.51692 -19.160648 17 4
607.2886 -106.035065 -12.740933 17 4
627.3438 -111.64055 -5.818258 17 4
647.10834 -117.41734 1.327766 17 4
666.9675 -123.29673 7.879235 17 4
686.5548 -129.3463 14.660763 17 4
706.4515 -135.4569 21.445114 17 4
726.1007 -141.73354 28.050722 17 4
745.855 -148.10828 34.928684 17 4
765.5822 -154.6062 41.75403 17 4
785.23505 -161.23682 48.757263 17 4
804.8919 -167.98398 55.371155 17 4
108.40375 -101.6471 -205.00781 18 5
123.976234 -115.14469 -219.26695 18 5
139.68939 -128.4834 -233.2383 18 5
155.46613 -141.73048 -247.692 18 5
171.63275 -154.58693 -262.13788 18 5
187.85883 -167.3515 -276.4564 18 5
204.048 -180.10413 -290.8446 18 5
220.55293 -192.52925 -304.95142 18 5
237.25337 -204.73293 -319.23615 18 5
253.91142 -216.91722 -333.664 18 5
270.8402 -228.80986 -347.88956 18 5
287.7469 -240.65665 -362.32916 18 5
305.08688 -252.0741 -376.7677 18 5
322.3119 -263.51596 -391.13284 18 5
339.7934 -274.67258 -405.41235 18 5
357.43954 -285.61804 -419.68338 18 5
375.145 -296.4339 -434.39954 18 5
392.92838 -307.10117 -448.6474 18 5
410.85553 -317.56494 -463.19135 18 5
429.08597 -327.70126 -477.50452 18 5
447.18103 -337.8434 -492.1582 18 5
465.7718 -347.51102 -506.45462 18 5
484.1659 -357.22192 -521.0012 18 5
502.6656 -366.7449 -535.2847 18 5
521.27936 -376.07092 -550.0041 18 5
540.2551 -385.0207 -564.4192 18 5
559.29816 -393.80527 -578.9104 18 5
578.46405 -402.38214 -593.48145 18 5
597.6565 -410.81516 -608.0445 18 5
617.22473 -418.8624 -622.6054 18 5
636.52075 -426.96246 -637.1029 18 5
655.9985 -434.80264 -651.7289 18 5
675.9387 -442.19827 -666.5577 18 5
695.5286 -449.68085 -680.90826 18 5
715.4389 -456.80856 -695.6073 18 5
97.13398 114.27556 1306.1952 19 5
113.358864 127.44953 1502.9081 19 5
130.45941 139.67986 1700.7054 19 5
147.95798 151.44098 1899.3402 19 5
166.01958 162.48962 2099.1025 19 5
184.7973 172.62769 2299.918 19 5
-133.228 -64.160576 -164.72931 20 5
-152.17966 -72.4241 -173.51038 20 5
-171.12576 -80.559525 -182.10915 20 5
-190.17302 -88.51487 -190.9186 20 5
-209.21928 -96.336464 -199.56476 20 5
-228.30481 -104.00374 -208.1828 20 5
-247.50523 -111.48104 -217.18988 20 5
-266.96744 -118.70261 -225.86375 20 5
-286.2318 -125.87241 -234.40085 20 5
-305.67102 -132.8233 -243.21483 20 5
-325.22055 -139.58357 -252.00085 20 5
-344.78934 -146.19142 -260.71466 20 5
-364.4136 -152.62991 -269.58887 20 5
-384.01062 -158.93202 -278.39517 20 5
-403.88797 -164.96965 -287.0646 20 5
-423.8303 -170.83197 -295.82407 20 5
-443.53754 -176.63748 -304.58942 20 5
-463.51385 -182.1824 -313.16656 20 5
-483.5059 -187.56718 -322.13992 20 5
-503.60532 -192.75507 -330.85876 20 5
-523.5917 -197.82904 -339.63147 20 5
-543.6831 -202.7042 -348.48132 20 5
-564.20874 -207.25934 -357.3037 20 5
-584.4207 -211.77026 -365.95926 20 5
-604.7111 -216.09026 -374.8058 20 5
-625.28357 -220.14699 -383.7508 20 5
-645.3599 -224.21313 -392.58304 20 5
-666.02844 -227.90704 -401.38116 20 5
-686.40454 -231.53416 -410.29132 20 5
-707.081 -234.8915 -419.02832 20 5
-727.72626 -238.09029 -427.9492 20 5
-748.553 -241.05994 -436.71802 20 5
-769.13806 -243.93567 -445.65002 20 5
-790.0257 -246.54234 -454.488 20 5
-810.737 -249.02998 -463.29355 20 5
140.83806 -48.544895 -16.730265 21 5
160.395 -55.792744 -5.2717323 21 5
179.50912 -63.30287 6.4012933 21 5
198.63179 -70.91876 18.202297 21 5
217.60349 -78.696945 30.097315 21 5
236.77014 -86.51176 41.60035 21 5
255.5291 -94.5826 53.535408 21 5
274.4607 -102.696495 65.05706 21 5
293.42444 -110.90338 77.031105 21 5
312.28162 -119.25478 88.476036 21 5
331.19812 -127.686966 100.22992 21 5
349.82187 -136.33534 111.838844 21 5
368.44937 -145.08559 123.83112 21 5
387.0658 -153.94254 135.59283 21 5
405.5671 -162.94696 147.21056 21 5
424.3046 -171.95677 158.89809 21 5
442.9826 -181.08905 170.84608 21 5
461.21283 -190.50381 182.615 21 5
479.62686 -199.94182 194.32086 21 5
497.96005 -209.51117 205.85042 21 5
516.1175 -219.25198 217.62259 21 5
534.35925 -229.0537 229.46547 21 5
552.5114 -238.9894 241.31747 21 5
570.5922 -249.05096 253.05743 21 5
588.4533 -259.30347 264.89365 21 5
606.4859 -269.57437 276.55154 21 5
624.38696 -279.99634 288.41217 21 5
642.06226 -290.61237 300.13367 21 5
659.8753 -301.25797 311.9415 21 5
677.646 -312.01318 323.61874 21 5
695.3194 -322.90274 335.54987 21 5
712.82196 -333.96106 347.4716 21 5
730.2669 -345.1353 358.92725 21 5
747.75824 -356.37546 370.72937 21 5
765.1472 -367.75098 382.71964 21 5
122.96971 -83.66587 -119.36084 22 5
139.62204 -95.76627 -121.675156 22 5
156.30286 -107.89508 -123.941086 22 5
172.77116 -120.21775 -126.35229 22 5
189.3254 -132.52707 -128.91417 22 5
205.66199 -145.03413 -131.38347 22 5
222.10345 -157.51178 -133.65889 22 5
238.30759 -170.20134 -136.29172 22 5
254.62161 -182.85509 -138.58467 22 5
270.72507 -195.70174 -141.06691 22 5
286.84274 -208.57907 -143.4724 22 5
302.72546 -221.66783 -145.85228 22 5
318.69363 -234.73363 -148.22357 22 5
334.5697 -247.9054 -150.80965 22 5
350.2326 -261.27313 -153.17636 22 5
366.05496 -274.55856 -155.66397 22 5
381.52252 -288.14618 -157.9322 22 5
397.25903 -301.56555 -160.42421 22 5
412.6351 -315.2923 -162.82613 22 5
428.0409 -329.02988 -165.1487 22 5
443.49747 -342.76 -167.74208 22 5
458.65298 -356.75403 -170.00526 22 5
473.9712 -370.6516 -172.72594 22 5
488.9368 -384.8545 -175.00412 22 5
503.93103 -399.06406 -177.5965 22 5
518.8975 -413.32312 -179.90625 22 5
533.81104 -427.65067 -182.41151 22 5
548.69055 -442.03046 -184.75966 22 5
563.42865 -456.5483 -187.25368 22 5
578.0725 -471.1661 -189.81833 22 5
592.5116 -485.9741 -192.03755 22 5
607.0832 -500.6952 -194.49239 22 5
621.56934 -515.5067 -196.95312 22 5
635.7655 -530.5787 -199.32478 22 5
650.07 -545.5792 -201.9507 22 5
121.751785 46.782223 -107.107185 23 6
141.22577 53.135475 -105.50883 23 6
160.96965 59.25228 -103.525116 23 6
180.7568 65.21869 -101.77716 23 6
200.35683 71.115456 -99.67545 23 6
220.16641 76.799255 -97.86571 23 6
240.19995 82.267426 -95.98403 23 6
259.9471 87.69434 -93.80907 23 6
279.92297 92.902985 -92.074814 23 6
300.09735 97.905495 -90.03555 23 6
319.9684 102.86489 -88.1586 23 6
340.22684 107.55671 -86.06304 23 6
360.23843 112.18299 -84.200035 23 6
380.30307 116.64691 -82.285255 23 6
400.4822 120.9295 -80.44002 23 6
420.90463 124.99293 -78.64438 23 6
441.15594 128.96062 -76.55361 23 6
461.68823 132.69893 -74.773674 23 6
481.63226 136.4567 -72.814415 23 6
502.04987 139.92897 -70.789276 23 6
522.7453 143.17477 -68.75931 23 6
543.0488 146.37727 -66.72962 23 6
563.8044 149.30644 -64.86468 23 6
584.06793 152.21333 -63.023254 23 6
604.63885 154.88556 -61.177376 23 6
625.2292 157.39871 -59.089016 23 6
645.9136 159.73358 -57.011967 23 6
666.66 161.89822 -55.21027 23 6
687.2096 163.95424 -53.351578 23 6
707.764 165.85089 -51.333458 23 6
728.7675 167.48517 -49.51505 23 6
749.4048 169.04593 -47.56269 23 6
770.3804 170.37163 -45.666725 23 6
791.0884 171.5972 -43.632553 23 6
811.72614 172.67639 -41.60702 23 6
-72.71812 -125.16822 36.388115 24 6
-83.329216 -142.8851 59.612045 24 6
-94.246506 -160.48442 82.752 24 6
-105.63738 -177.6723 105.874855 24 6
-117.2013 -194.94554 129.0659 24 6
-129.4013 -211.52492 152.41951 24 6
-141.76158 -228.18881 175.40762 24 6
-154.42921 -244.68068 198.6328 24 6
-167.45876 -260.90326 222.03932 24 6
-180.84483 -276.85703 245.29433 24 6
-194.58113 -292.54352 268.5641 24 6
-208.6764 -307.94162 292.2092 24 6
-223.05212 -323.1577 315.3565 24 6
-237.76434 -338.09854 338.9723 24 6
-252.87044 -352.67526 362.53406 24 6
-268.1976 -367.1203 386.0293 24 6
-283.98764 -381.0913 409.7597 24 6
-299.795 -395.17667 433.18808 24 6
-316.18173 -408.61765 456.98126 24 6
-332.7995 -421.8658 481.00183 24 6
-349.79358 -434.72482 504.7202 24 6
-366.97598 -447.41888 528.67334 24 6
-384.61093 -459.61362 552.80164 24 6
-402.4167 -471.63986 576.85626 24 6
-420.60052 -483.24017 600.9187 24 6
-439.0087 -494.58307 624.9724 24 6
-457.69098 -505.59854 649.41205 24 6
-476.82764 -516.07983 673.73096 24 6
-496.09854 -526.3669 698.34326 24 6
-515.61383 -536.32465 722.8722 24 6
-535.5595 -545.7505 747.63477 24 6
-555.8505 -554.72784 772.5289 24 6
-576.2023 -563.5279 797.2695 24 6
-597.01556 -571.7426 822.20056 24 6
-617.83276 -579.8014 847.3087 24 6
-148.71729 7.7779284 -36.16478 25 7
-168.98947 10.306554 -12.020106 25 7
-189.43909 12.934959 12.128662 25 7
-209.80315 15.678578 35.992302 25 7
-230.48122 18.506542 60.368675 25 7
-250.83772 21.467985 84.28634 25 7
-271.15106 24.542465 108.17485 25 7
-291.45776 27.726778 132.55911 25 7
-311.8043 31.01607 156.34254 25 7
-332.0773 34.421272 180.55377 25 7
-352.54834 37.913773 204.65605 25 7
-372.67438 41.55152 228.79716 25 7
-392.98578 45.277054 252.75766 25 7
-413.04684 49.139805 277.04352 25 7
-433.57797 53.053974 301.23065 25 7
-453.6881 57.12652 325.2118 25 7
-474.1204 61.265404 349.31772 25 7
-493.87338 65.59998 373.47525 25 7
-514.30304 69.952286 397.40787 25 7
-534.2174 74.48139 421.76703 25 7
-554.46594 79.07089 445.93842 25 7
-574.56146 83.7883 470.07245 25 7
-594.51 88.633865 494.20905 25 7
-614.5206 93.57687 518.23627 25 7
-634.70734 98.59868 542.30804 25 7
-654.73645 103.75018 566.5297 25 7
-674.7259 109.013504 590.6205 25 7
-694.8489 114.360115 614.9578 25 7
-714.6655 119.862274 639.1013 25 7
-734.3868 125.486404 663.1455 25 7
-754.3435 131.1755 687.366 25 7
-774.2073 136.98518 711.4871 25 7
-794.09564 142.89476 735.8194 25 7
-813.7918 148.94331 760.0076 25 7
-833.4964 155.09494 784.2314 25 7
-149.00343 2.406182 -197.6898 26 7
-169.64267 4.2633877 -199.73529 26 7
-190.17004 6.2899804 -201.61827 26 7
-210.67934 8.48455 -203.81416 26 7
-231.03944 10.853284 -205.62825 26 7
-251.48714 13.3860235 -207.71593 26 7
-272.0826 16.077147 -209.80637 26 7
-292.33826 18.955336 -211.79266 26 7
-312.8706 21.982517 -213.76399 26 7
-333.145 25.194197 -216.00223 26 7
-353.36423 28.577612 -218.01755 26 7
-373.97278 32.09493 -220.02568 26 7
-394.25403 35.804943 -221.92525 26 7
-414.4136 39.692352 -223.83478 26 7
-434.48273 43.755264 -225.74318 26 7
-454.8937 47.948875 -228.06454 26 7
-475.1094 52.32692 -229.98618 26 7
-495.50522 56.84851 -231.82877 26 7
-515.3497 61.59797 -234.0013 26 7
-535.67224 66.454605 -236.0164 26 7
-555.7213 71.50793 -238.17117 26 7
-575.75195 76.72709 -240.09215 26 7
-595.5137 82.14623 -242.20961 26 7
-615.5555 87.69017 -243.97322 26 7
-635.47034 93.41423 -246.1459 26 7
-655.55304 99.27479 -248.01122 26 7
-675.3426 105.34075 -250.21341 26 7
-695.2567 111.54832 -252.32828 26 7
-714.8206 117.97338 -254.3831 26 7
-734.4714 124.545815 -256.3147 26 7
-754.40546 131.22948 -258.18036 26 7
-774.064 138.11946 -260.24808 26 7
-793.673 145.17732 -262.3842 26 7
-813.21985 152.4052 -264.60443 26 7
-832.6854 159.80675 -266.5806 26 7
-48.73188 119.0549 -326.2325 27 7
-53.813534 139.26765 -348.72803 27 7
-59.3183 158.95595 -371.68115 27 7
-64.928795 178.94241 -394.29987 27 7
-70.87026 198.61653 -417.0516 27 7
-77.03193 218.27701 -439.81393 27 7
-83.353546 238.09479 -462.71277 27 7
-90.020836 257.53702 -485.6637 27 7
-96.86892 277.0706 -508.24063 27 7
-103.97917 296.45953 -531.10394 27 7
-111.264786 315.94754 -553.78784 27 7
-118.90725 335.0164 -576.7676 27 7
-126.71333 354.21054 -599.58685 27 7
-134.78453 373.24045 -622.5518 27 7
-143.0163 392.39194 -645.4157 27 7
-151.58647 411.17264 -668.14557 27 7
-160.32228 430.0519 -691.1534 27 7
-169.24669 448.95923 -714.2576 27 7
-178.45374 467.64044 -737.0491 27 7
-188.00186 485.94583 -759.98413 27 7
-197.6641 504.46213 -783.372 27 7
-207.58331 522.81415 -806.2222 27 7
-217.79398 540.9154 -829.25574 27 7
-228.17737 559.05945 -852.3476 27 7
-238.7762 577.1337 -875.52966 27 7
-249.58282 595.15155 -898.4795 27 7
-260.68335 612.9048 -921.85583 27 7
-271.99228 630.5945 -944.9439 27 7
-283.46786 648.31067 -968.02936 27 7
-295.28088 665.6588 -991.2802 27 7
-307.31372 682.90735 -1014.68506 27 7
-319.52286 700.1472 -1037.8713 27 7
-331.97223 717.2322 -1061.0394 27 7
-344.67014 734.14215 -1084.6414 27 7
-357.58228 750.94763 -1108.0896 27 7
83.14647 -114.46749 -229.41492 28 8
91.55841 -133.54868 -229.13213 28 8
99.36814 -152.85887 -228.66199 28 8
106.41436 -172.59644 -228.21574 28 8
112.80214 -192.5533 -227.77802 28 8
118.37672 -212.94572 -227.48817 28 8
123.303 -233.43561 -226.94562 28 8
127.44642 -254.21037 -226.52045 28 8
130.69423 -275.45813 -226.11586 28 8
133.26628 -296.67212 -225.43086 28 8
134.9267 -318.30142 -225.20009 28 8
135.84175 -339.90427 -224.65411 28 8
135.81853 -361.88367 -224.31052 28 8
134.98048 -383.85657 -223.9241 28 8
133.1706 -406.18723 -223.15382 28 8
130.488 -428.515 -222.87924 28 8
126.94575 -450.66965 -222.43904 28 8
122.45283 -472.82666 -221.77003 28 8
116.90382 -495.296 -221.37251 28 8
110.35406 -517.7703 -221.01955 28 8
102.81534 -540.0287 -220.57307 28 8
94.17092 -562.5032 -219.93272 28 8
84.47915 -584.69464 -219.65536 28 8
73.691475 -606.6144 -218.80293 28 8
61.73718 -628.51825 -218.4119 28 8
48.607605 -650.1633 -217.87189 28 8
34.257164 -671.60187 -217.24081 28 8
18.649546 -692.7615 -216.95401 28 8
1.7431833 -713.2714 -216.25587 28 8
-16.524115 -733.43945 -215.4824 28 8
-36.20675 -753.0791 -214.95161 28 8
-57.354168 -772.3155 -214.48169 28 8
-80.05089 -790.7844 -213.74959 28 8
-104.361115 -808.5772 -213.19807 28 8
-130.37039 -825.5787 -212.65697 28 8
-23.390417 143.11714 -165.62225 29 8
-27.426609 163.26439 -156.07532 29 8
-31.36313 183.43962 -146.43135 29 8
-35.166786 203.8328 -136.60637 29 8
-38.94636 223.81306 -126.845634 29 8
-42.567867 244.1534 -117.025375 29 8
-46.073917 264.6062 -107.5084 29 8
-49.53737 284.7527 -97.63221 29 8
-52.848022 305.22528 -87.85528 29 8
-56.0852 325.56693 -78.064285 29 8
-59.244446 345.80045 -68.3026 29 8
-62.263767 366.2868 -58.94982 29 8
-65.21834 386.58484 -49.030315 29 8
-68.060455 406.97382 -39.201077 29 8
-70.78885 427.4624 -29.579166 29 8
-73.399925 448.07416 -20.009941 29 8
-75.93067 468.5837 -10.025566 29 8
-78.421715 488.73306 -0.32128903 29 8
-80.76143 509.2123 9.357475 29 8
-82.96563 529.9307 19.176668 29 8
-85.12339 550.32 28.908035 29 8
-87.162056 570.84186 38.57222 29 8
-89.07003 591.5771 48.174004 29 8
-90.94323 611.8874 58.095497 29 8
-92.66473 632.5515 67.75864 29 8
-94.301125 653.1219 77.70849 29 8
-95.81463 673.85864 87.36353 29 8
-97.27107 694.2979 97.21338 29 8
-98.59599 714.9642 106.84929 29 8
-99.81347 735.6894 116.62076 29 8
-100.96206 756.186 126.384094 29 8
-101.98529 776.8711 136.08719 29 8
-102.91413 797.51294 145.95045 29 8
-103.76116 818.0085 155.6476 29 8
-104.45071 838.9558 165.32578 29 8
-2.3393004 146.10507 -25.195068 30 8
-4.850836 166.4632 4.624593 30 8
-7.650577 186.98357 35.073048 30 8
-10.752713 207.26106 65.14326 30 8
-14.145743 227.58363 95.42213 30 8
-17.82025 248.04272 125.763145 30 8
-21.789906 268.4047 156.0166 30 8
-26.048805 288.74902 186.16487 30 8
-30.632824 308.70337 216.36461 30 8
-35.498463 328.74997 246.6951 30 8
-40.63204 348.9699 277.01425 30 8
-46.08649 368.88907 307.3977 30 8
-51.830917 388.7814 337.79865 30 8
-57.834805 408.85263 368.14993 30 8
-64.14483 428.74707 398.92572 30 8
-70.77774 448.37186 429.2383 30 8
-77.67543 468.1025 459.61002 30 8
-84.87012 487.725 490.2977 30 8
-92.33321 507.39645 520.8219 30 8
-100.15851 526.6035 551.62054 30 8
-108.21684 546.0401 582.2271 30 8
-116.607834 565.1824 612.74786 30 8
-125.26795 584.3458 643.5339 30 8
-134.22652 603.3821 674.43274 30 8
-143.45877 622.3977 705.5128 30 8
-153.02495 641.1283 736.38354 30 8
-162.83272 659.9617 767.26263 30 8
-172.95296 678.59564 798.1682 30 8
-183.36949 697.0959 829.3701 30 8
-194.05101 715.5754 860.4484 30 8
-205.03023 733.90424 891.60767 30 8
-216.32396 752.02234 923.01117 30 8
-227.94662 769.884 954.1965 30 8
-239.83821 787.6924 985.5636 30 8
-251.95932 805.563 1017.07153 30 8
18.040237 146.08592 -173.00502 31 8
18.121584 166.65157 -164.19429 31 8
17.798603 187.3098 -155.2215 31 8
17.083847 207.93317 -146.54274 31 8
15.978517 228.4653 -137.95634 31 8
14.4562025 249.28577 -129.09549 31 8
12.557145 269.72678 -120.26332 31 8
10.241473 290.53217 -111.45512 31 8
7.5385003 310.9774 -102.6894 31 8
4.429254 331.5807 -94.23835 31 8
0.9191268 352.2636 -85.10542 31 8
-2.9927309 372.57263 -76.51459 31 8
-7.310052 392.91925 -67.32549 31 8
-12.025566 413.4863 -58.859905 31 8
-17.147911 433.85556 -49.926014 31 8
-22.677649 454.11566 -40.813015 31 8
-28.599737 474.54828 -32.242836 31 8
-34.95105 494.5317 -23.149977 31 8
-41.69938 514.61163 -14.091318 31 8
-48.866547 534.49225 -5.1654983 31 8
-56.423683 554.49384 3.68216 31 8
-64.4101 574.2078 12.801142 31 8
-72.79845 593.90607 21.877428 31 8
-81.612206 613.3908 30.688858 31 8
-90.83488 632.79877 39.887638 31 8
-100.46493 652.1303 49.15288 31 8
-110.511475 671.3193 58.309547 31 8
-120.93908 690.5679 67.40441 31 8
-131.81868 709.4581 76.41276 31 8
-143.16156 727.96466 85.72217 31 8
-154.88235 746.53204 95.17938 31 8
-167.03337 764.8847 104.219315 31 8
-179.6028 783.07733 113.54303 31 8
-192.57271 801.1786 123.14907 31 8
-205.97583 819.0421 132.58012 31 8
138.94931 -46.238415 -226.91435 32 8
157.41072 -55.832092 -226.21584 32 8
175.30675 -66.08839 -225.2673 32 8
193.11702 -76.827095 -224.46173 32 8
210.71463 -88.080124 -223.6738 32 8
227.91765 -99.91299 -222.71565 32 8
244.73952 -112.315155 -222.06241 32 8
261.35223 -125.19778 -221.04938 32 8
277.49777 -138.67146 -220.13625 32 8
293.51376 -152.5569 -219.533 32 8
308.84357 -167.12904 -218.50267 32 8
324.00772 -182.10272 -217.71138 32 8
338.72977 -197.61217 -216.96385 32 8
353.0669 -213.61174 -215.93344 32 8
366.6534 -230.31445 -215.24632 32 8
380.32867 -247.18112 -214.33366 32 8
393.1892 -264.7674 -213.46016 32 8
405.59808 -282.82803 -212.36633 32 8
417.55682 -301.34235 -211.57391 32 8
428.9718 -320.35815 -210.79036 32 8
439.93768 -339.78482 -209.91312 32 8
450.27197 -359.74057 -208.8722 32 8
459.9437 -380.23523 -208.04343 32 8
469.17737 -401.06097 -207.09122 32 8
477.6936 -422.4264 -206.22328 32 8
485.58084 -444.23297 -205.33624 32 8
493.01205 -466.28775 -204.1797 32 8
499.2083 -489.30295 -203.50412 32 8
505.13138 -512.3263 -202.50804 32 8
510.33228 -535.7483 -201.48413 32 8
514.64404 -559.7099 -200.51144 32 8
518.16547 -584.0724 -199.52725 32 8
520.8577 -608.83527 -198.41145 32 8
522.5838 -634.1158 -197.60472 32 8
523.6073 -659.5426 -196.49051 32 8
134.04541 -28.947683 55.64229 33 9
153.33043 -35.81245 63.23126 33 9
172.91214 -42.518234 71.12775 33 9
192.25375 -49.19311 78.753174 33 9
211.92398 -55.69414 86.41687 33 9
231.51988 -62.123543 94.307175 33 9
250.97234 -68.5019 101.85013 33 9
270.68582 -74.719086 109.469185 33 9
290.2453 -80.88842 117.15995 33 9
309.95126 -86.92658 124.96982 33 9
329.83673 -92.82341 132.61249 33 9
349.47803 -98.697975 140.30524 33 9
369.2336 -104.449165 148.15149 33 9
389.10242 -110.07688 155.9064 33 9
409.11572 -115.57206 163.69539 33 9
428.82724 -121.06058 171.18301 33 9
448.83264 -126.3739 178.94536 33 9
468.8686 -131.58627 186.68407 33 9
488.60898 -136.78874 194.39632 33 9
508.61884 -141.82251 202.02522 33 9
528.6307 -146.76236 209.6912 33 9
548.9093 -151.5348 217.51944 33 9
568.85956 -156.30411 225.14485 33 9
588.89954 -160.95424 232.98347 33 9
609.13477 -165.45656 240.66557 33 9
629.4314 -169.84775 248.44632 33 9
649.44696 -174.21962 256.03033 33 9
669.9715 -178.35982 263.93015 33 9
690.01886 -182.53163 271.65442 33 9
710.1917 -186.57372 279.3598 33 9
730.7127 -190.42828 287.09827 33 9
750.803 -194.29857 294.78058 33 9
771.29443 -197.968 302.4845 33 9
791.61285 -201.58487 310.24695 33 9
811.8827 -205.11627 317.8631 33 9
-113.02172 46.715263 134.96901 34 9
-132.92502 52.078167 155.38829 34 9
-153.05151 57.48747 175.66481 34 9
-172.57785 63.252205 195.97559 34 9
-192.42706 69.02543 216.07845 34 9
-212.18155 74.96217 236.53319 34 9
-231.92947 81.03012 256.8924 34 9
-251.40758 87.32044 277.29877 34 9
-270.85425 93.74903 297.62494 34 9
-290.6284 100.19212 318.09402 34 9
-310.13513 106.85482 338.36636 34 9
-329.7041 113.62281 358.63098 34 9
-348.86053 120.659546 379.09717 34 9
-368.3529 127.706154 399.47385 34 9
-387.7791 134.90085 419.8647 34 9
-406.90137 142.32628 440.223 34 9
-426.13934 149.83588 460.4992 34 9
-445.33603 157.4838 480.9787 34 9
-464.49435 165.26845 501.48712 34 9
-483.50244 173.22935 522.0041 34 9
-502.74478 181.22816 542.30634 34 9
-521.6049 189.48608 562.6782 34 9
-540.5229 197.84424 583.1178 34 9
-559.58875 206.2681 603.4722 34 9
-578.1362 215.00298 623.9935 34 9
-597.0712 223.71317 644.4624 34 9
-615.9255 232.571 664.8834 34 9
-634.4159 241.68408 685.51544 34 9
-652.976 250.88826 705.6837 34 9
-671.57983 260.1919 726.3522 34 9
-690.1227 269.6344 746.6359 34 9
-708.58624 279.22247 767.4925 34 9
-726.9101 288.97986 787.9967 34 9
-745.1612 298.87994 808.50256 34 9
-763.3251 308.92825 828.88293 34 9
-30.552599 -105.73759 -63.066536 35 9
-36.816902 -125.47844 -74.220375 35 9
-42.990124 -145.03911 -85.60805 35 9
-49.016502 -164.60902 -96.68922 35 9
-54.840786 -184.37039 -107.8156 35 9
-60.496883 -204.20677 -119.10304 35 9
-66.00537 -224.04652 -130.33215 35 9
-71.31993 -244.04506 -141.54745 35 9
-76.449814 -264.17096 -152.45917 35 9
-81.54934 -283.88678 -163.97646 35 9
-86.38911 -303.98404 -175.15312 35 9
-91.04638 -324.19604 -186.3711 35 9
-95.57992 -344.31143 -197.41138 35 9
-99.9344 -364.52448 -208.80867 35 9
-104.150345 -384.68527 -219.91788 35 9
-108.17484 -404.98584 -231.33148 35 9
-112.02185 -425.37476 -242.44182 35 9
-115.77268 -445.53873 -253.90324 35 9
-119.27001 -466.0783 -265.04315 35 9
-122.64863 -486.47168 -276.21768 35 9
-125.92916 -506.62488 -287.41428 35 9
-128.88727 -527.43994 -298.76572 35 9
-131.70691 -548.1801 -309.8409 35 9
-134.49002 -568.4063 -321.36414 35 9
-136.99983 -589.1061 -332.51498 35 9
-139.41109 -609.5354 -343.4741 35 9
-141.60158 -630.2196 -354.92798 35 9
-143.62459 -650.9266 -366.236 35 9
-145.46144 -671.7394 -377.72745 35 9
-147.16313 -692.4199 -388.97424 35 9
-148.67514 -713.2174 -400.17282 35 9
-150.07184 -733.77057 -411.6494 35 9
-151.25035 -754.57355 -422.6893 35 9
-152.23418 -775.51764 -434.09695 35 9
-153.04158 -796.5123 -445.5847 35 9
-22.267437 -144.2949 295.6476 36 10
-28.81194 -164.10152 318.3473 36 10
-35.98377 -183.42719 340.89148 36 10
-43.71974 -202.63235 364.01697 36 10
-52.008434 -221.73088 386.95834 36 10
-60.865883 -240.62103 409.94864 36 10
-70.25753 -259.4119 432.8397 36 10
-80.25461 -277.81577 455.8191 36 10
-90.76185 -296.15137 479.1047 36 10
-101.919624 -313.93826 502.41125 36 10
-113.614075 -331.535 525.624 36 10
-125.86987 -348.84174 549.07367 36 10
-138.64693 -365.94543 572.43933 36 10
-151.98962 -382.7013 596.1316 36 10
-165.89384 -399.1037 619.843 36 10
-180.36374 -415.12595 643.61786 36 10
-195.37245 -430.81122 667.3395 36 10
-210.94798 -446.0766 691.5728 36 10
-226.91223 -461.26785 715.676 36 10
-243.56514 -475.7405 740.0478 36 10
-260.7783 -489.74838 764.5326 36 10
-278.54794 -503.27966 789.0053 36 10
-296.7975 -516.448 813.57336 36 10
-315.60297 -529.0912 838.6368 36 10
-334.84476 -541.38214 863.90234 36 10
-354.758 -552.9129 889.2836 36 10
-375.08884 -564.0635 914.8179 36 10
-396.0508 -574.47955 940.42175 36 10
-417.39825 -584.49396 966.59247 36 10
-439.4203 -593.6669 992.62964 36 10
-461.98392 -602.1642 1019.1985 36 10
-484.8536 -610.25397 1045.9388 36 10
-508.4566 -617.3567 1072.9556 36 10
-532.4155 -623.90906 1100.3365 36 10
-556.891 -629.674 1128.222 36 10
-22.590435 -144.14957 238.00406 37 10
-28.63361 -164.0733 252.38824 37 10
-35.15682 -183.59883 266.4252 37 10
-42.08374 -203.1489 280.5646 37 10
-49.440964 -222.56024 294.92535 37 10
-57.290714 -241.55981 309.20908 37 10
-65.503334 -260.69858 323.61053 37 10
-74.181915 -279.53 337.90686 37 10
-83.18278 -298.5807 352.0828 37 10
-92.71861 -317.05862 366.61432 37 10
-102.65998 -335.4292 380.9779 37 10
-113.088715 -353.4161 395.4174 37 10
-123.796524 -371.65756 409.9173 37 10
-135.01468 -389.42276 424.33755 37 10
-146.63617 -407.02866 438.86942 37 10
-158.65034 -424.48706 453.67728 37 10
-171.08896 -441.6974 468.1377 37 10
-183.92944 -458.70688 482.87946 37 10
-197.25546 -475.29926 497.46124 37 10
-210.98041 -491.68207 512.2661 37 10
-225.07066 -507.91574 527.1584 37 10
-239.54982 -523.9269 541.77734 37 10
-254.53091 -539.4599 556.73846 37 10
-269.91266 -554.7291 571.63367 37 10
-285.64075 -569.8291 586.7419 37 10
-301.81113 -584.55096 601.76074 37 10
-318.37665 -598.9771 616.9436 37 10
-335.2926 -613.17535 631.9924 37 10
-352.60254 -627.0475 647.25586 37 10
-370.56012 -640.1412 662.6235 37 10
-388.63354 -653.37286 678.05444 37 10
-407.16733 -666.1259 693.40826 37 10
-426.15552 -678.4048 709.264 37 10
-445.59573 -690.2069 724.5946 37 10
-465.28842 -701.82605 740.556 37 10
-5.670343 -146.82736 520.91895 38 10
-8.393788 -167.3177 577.2124 38 10
-11.343135 -187.62508 633.051 38 10
-14.4996805 -208.08041 689.3317 38 10
-17.884985 -228.34514 745.5114 38 10
-21.475834 -248.73209 801.706 38 10
-25.308266 -268.8167 857.86523 38 10
-29.32869 -289.1843 914.12524 38 10
-33.585163 -309.32553 970.24347 38 10
-38.026897 -329.71265 1026.5956 38 10
-42.725582 -349.70905 1082.9137 38 10
-47.625668 -369.79822 1139.2471 38 10
-52.73445 -389.90405 1195.5093 38 10
-58.077156 -409.83795 1251.7689 38 10
-63.64096 -429.70035 1308.0671 38 10
-69.37869 -449.79745 1364.6182 38 10
-75.35352 -469.70035 1421.0275 38 10
-81.57164 -489.38556 1477.4692 38 10
-87.97869 -509.1829 1534.2467 38 10
-94.63732 -528.72266 1590.8083 38 10
-101.49 -548.3335 1647.7201 38 10
-108.54544 -567.95496 1704.015 38 10
-115.81945 -587.49817 1760.6183 38 10
-123.305016 -606.99677 1817.632 38 10
-131.0379 -626.2758 1874.2479 38 10
-138.90495 -645.8717 1931.0919 38 10
-147.11623 -664.8013 1988.0874 38 10
-155.482 -683.9446 2044.8634 38 10
-164.01355 -703.2288 2102.06 38 10
-172.76915 -722.39215 2159.2625 38 10
-181.82198 -741.13715 2216.4578 38 10
-191.03635 -760.02606 2273.482 38 10
-200.44937 -778.8967 2331.0383 38 10
-137.75703 -21.369295 246.15492 39 11
-158.12157 -25.107014 241.04626 39 11
-178.47911 -28.687117 236.41245 39 11
-198.6434 -32.139908 231.35371 39 11
-219.10158 -35.386414 226.28226 39 11
-239.62607 -38.46313 221.45685 39 11
-259.75092 -41.44427 216.5723 39 11
-280.33823 -44.191452 211.50267 39 11
-300.62665 -46.82517 206.86835 39 11
-321.0881 -49.27054 201.85014 39 11
-341.6889 -51.533257 196.67155 39 11
-362.2138 -53.645733 191.84941 39 11
-382.99783 -55.55813 186.84116 39 11
-403.51727 -57.346653 181.89482 39 11
-423.8917 -58.991707 177.0204 39 11
-444.69315 -60.41356 172.0817 39 11
-465.22324 -61.70841 167.10313 39 11
-485.8098 -62.830624 162.20767 39 11
-506.479 -63.776928 157.1366 39 11
-526.9188 -64.58582 152.2547 39 11
-547.7903 -65.17574 147.25668 39 11
-568.68646 -65.5977 142.47469 39 11
-589.40875 -65.873665 137.81789 39 11
-609.8897 -66.008575 132.49287 39 11
-630.8582 -65.92313 127.565155 39 11
-651.53723 -65.700554 122.47416 39 11
-672.3425 -65.29683 117.59608 39 11
-693.06714 -64.73225 112.693825 39 11
-713.75684 -64.001366 107.71563 39 11
-734.72833 -63.076183 102.72115 39 11
-755.3967 -62.0075 97.62743 39 11
-776.21674 -60.755898 92.727936 39 11
-797.29865 -59.314526 87.78681 39 11
-817.8376 -57.742867 82.62347 39 11
-838.59393 -55.983566 77.703094 39 11
-13.821321 149.43236 364.8123 40 11
-14.757853 169.97636 377.24106 40 11
-15.405483 190.63724 389.5373 40 11
-15.781171 211.20363 402.09628 40 11
-15.870342 231.84935 414.5971 40 11
-15.689029 252.32697 426.85 40 11
-15.208248 273.0848 439.18286 40 11
-14.455021 293.66983 451.68375 40 11
-13.408334 314.48087 464.18842 40 11
-12.093324 334.92944 476.63843 40 11
-10.481867 355.71027 488.95035 40 11
-8.58986 376.39868 501.37677 40 11
-6.4166102 396.90366 514.0169 40 11
-3.9548862 417.57455 526.48096 40 11
-1.2083086 438.24533 539.07227 40 11
1.8233058 458.8924 551.64606 40 11
5.14259 479.3158 564.08386 40 11
8.746509 499.9445 576.54346 40 11
12.63832 520.4664 589.0393 40 11
16.822659 540.7949 601.81903 40 11
21.289804 561.28265 614.3107 40 11
26.045006 581.7306 626.8503 40 11
31.086584 602.1778 639.5324 40 11
36.41838 622.54913 652.2662 40 11
42.050186 642.70886 664.7393 40 11
47.966503 662.92175 677.40784 40 11
54.15456 683.3245 690.20807 40 11
60.654324 703.3972 702.8834 40 11
67.4562 723.30585 715.55536 40 11
74.533844 743.3367 728.3801 40 11
81.906746 763.2729 741.15735 40 11
89.59051 782.9843 753.8954 40 11
97.52961 802.95575 766.7814 40 11
105.8046 822.5063 779.56067 40 11
114.32192 842.37964 792.5224 40 11
79.0552 125.80798 362.6964 41 11
90.07045 143.34369 374.94626 41 11
101.31612 160.43037 386.70114 41 11
112.25356 177.92252 398.8202 41 11
123.15923 195.3807 411.1335 41 11
133.88759 213.0354 423.1106 41 11
144.64355 230.56018 435.00504 41 11
155.29012 248.17189 447.21194 41 11
165.87794 265.7888 459.5853 41 11
176.29967 283.58243 471.31854 41 11
186.49896 301.6444 483.43356 41 11
196.87701 319.32568 495.5954 41 11
207.01315 337.30554 507.74146 41 11
217.00096 355.43326 519.60895 41 11
227.05112 373.363 531.79224 41 11
236.94849 391.4459 543.93036 41 11
246.72325 409.6325 555.92346 41 11
256.28363 428.07593 568.0448 41 11
266.08917 446.00812 580.30133 41 11
275.60803 464.31586 592.35004 41 11
285.07318 482.60883 604.3431 41 11
294.24002 501.3016 616.40985 41 11
303.53543 519.6684 628.87036 41 11
312.67526 538.1913 640.69226 41 11
321.81464 556.60284 652.7551 41 11
330.80667 575.1552 664.95435 41 11
339.55737 594.0134 677.168 41 11
348.41473 612.56903 689.05615 41 11
357.0602 631.3786 701.27673 41 11
365.56464 650.319 713.3581 41 11
374.09482 669.0923 725.2915 41 11
382.44266 688.0685 737.5939 41 11
390.76398 706.96747 749.7676 41 11
398.90454 726.067 762.0618 41 11
407.07568 744.9821 773.9389 41 11
134.87204 -33.509453 281.2655 42 11
154.60533 -39.298595 281.1071 42 11
174.38612 -44.98465 281.4416 42 11
194.1595 -50.58142 281.3642 42 11
214.12909 -56.035465 281.89368 42 11
233.78468 -61.4801 281.89996 42 11
253.63446 -66.78192 282.14224 42 11
273.8005 -71.90845 282.36063 42 11
293.81512 -76.982475 282.2386 42 11
313.6774 -82.00381 282.5327 42 11
333.78778 -86.86745 282.8739 42 11
353.92593 -91.631 283.1712 42 11
373.75778 -96.38041 283.12567 42 11
393.86075 -100.96603 283.2021 42 11
414.15845 -105.40819 283.46127 42 11
434.41214 -109.767944 283.7658 42 11
454.20856 -114.14853 283.85193 42 11
474.42493 -118.32839 283.869 42 11
494.79794 -122.374664 284.28857 42 11
515.0014 -126.36795 284.3743 42 11
535.3008 -130.2423 284.34482 42 11
555.7485 -133.9853 284.67538 42 11
575.94275 -137.6936 284.78732 42 11
596.0124 -141.33473 284.95197 42 11
616.586 -144.7599 285.11023 42 11
636.9829 -148.13037 285.16632 42 11
657.3922 -151.4011 285.52014 42 11
677.6996 -154.59785 285.66928 42 11
698.2189 -157.64876 285.8473 42 11
718.61273 -160.6303 286.05392 42 11
739.21484 -163.46747 286.20422 42 11
759.5436 -166.26678 286.40524 42 11
780.15576 -168.90543 286.4172 42 11
800.49805 -171.50357 286.78207 42 11
821.1392 -173.93848 286.8233 42 11
139.84727 -11.449804 385.22147 43 11
160.0904 -14.937079 400.55316 43 11
180.39012 -18.55247 415.9207 43 11
200.63118 -22.306463 431.333 43 11
220.88551 -26.19125 446.48447 43 11
241.0109 -30.223726 461.86206 43 11
261.45053 -34.347427 477.16043 43 11
281.56412 -38.644115 492.5313 43 11
301.63516 -43.07833 508.24542 43 11
321.551 -47.666798 523.3502 43 11
341.89236 -52.322277 538.5283 43 11
361.81573 -57.17117 554.123 43 11
381.89023 -62.126312 569.4742 43 11
401.67194 -67.25925 584.9161 43 11
421.82697 -72.4589 600.0272 43 11
441.61057 -77.850914 615.5803 43 11
461.68103 -83.32071 630.8589 43 11
481.50934 -88.96174 646.208 43 11
501.3207 -94.7339 661.40857 43 11
521.2225 -100.61605 677.06494 43 11
540.8089 -106.68645 692.6551 43 11
560.50726 -112.862335 707.6803 43 11
580.11505 -119.18324 723.23773 43 11
600.11523 -125.54853 738.63947 43 11
619.3882 -132.19164 753.9996 43 11
639.01874 -138.88486 769.6292 43 11
658.9061 -145.64558 784.9572 43 11
678.21155 -152.6589 800.4638 43 11
697.5423 -159.79189 815.7645 43 11
717.15137 -166.98459 831.24286 43 11
736.5333 -174.3527 846.7603 43 11
755.96216 -181.83224 862.1418 43 11
775.07385 -189.5109 877.77655 43 11
794.39105 -197.26178 893.00525 43 11
813.6032 -205.16011 908.61835 43 11
-131.79716 24.585825 -95.33963 44 12
-151.95383 29.021019 -121.68522 44 12
-171.88316 33.762215 -148.3473 44 12
-191.87209 38.753445 -174.67856 44 12
-211.94487 43.986866 -200.9124 44 12
-231.7091 49.542793 -227.46352 44 12
-251.51228 55.348392 -253.90903 44 12
-271.49542 61.36885 -280.20932 44 12
-291.14865 67.717 -306.71655 44 12
-310.87405 74.30065 -333.26624 44 12
-330.21503 81.22816 -359.7463 44 12
-349.71143 88.36822 -386.35617 44 12
-369.1016 95.7829 -412.841 44 12
-388.38348 103.4721 -439.21823 44 12
-407.60568 111.42187 -466.01642 44 12
-426.5949 119.67907 -492.58148 44 12
-445.82144 128.11026 -519.4396 44 12
-464.58044 136.91487 -546.00323 44 12
-483.38287 145.94536 -572.74805 44 12
-502.13712 155.22566 -599.46246 44 12
-520.78516 164.77167 -626.2745 44 12
-539.2368 174.61122 -653.1182 44 12
-557.7941 184.64487 -679.85974 44 12
-575.83435 195.07726 -706.8462 44 12
-594.15936 205.63837 -733.6338 44 12
-611.9249 216.61635 -760.7983 44 12
-630.0581 227.68456 -787.81537 44 12
-647.7173 239.14091 -814.8187 44 12
-665.4249 250.79489 -841.5349 44 12
-682.98157 262.71747 -869.0199 44 12
-700.3903 274.9062 -896.009 44 12
-717.59436 287.38235 -923.14386 44 12
-734.68744 300.10748 -950.62213 44 12
-751.7319 313.0531 -977.99695 44 12
-768.2305 326.42612 -1005.3827 44 12
-36.135685 136.04301 -312.58243 45 12
-41.434998 156.04837 -370.36566 45 12
-46.464043 176.08722 -428.1955 45 12
-51.269073 195.97505 -486.3327 45 12
-55.73832 216.12892 -544.51245 45 12
-59.917652 236.36836 -602.4937 45 12
-63.775448 256.81396 -660.5133 45 12
-67.38666 277.15857 -718.74994 45 12
-70.66909 297.7292 -776.74036 45 12
-73.72241 318.09973 -834.8938 45 12
-76.4431 338.70023 -893.41113 45 12
-78.88442 359.2939 -951.389 45 12
-81.02824 379.9518 -1009.85785 45 12
-82.92624 400.4165 -1068.3557 45 12
-84.44406 421.32584 -1126.847 45 12
-85.64766 442.37067 -1185.329 45 12
-86.63021 463.0537 -1243.9594 45 12
-87.30554 483.79813 -1302.7466 45 12
-87.667496 504.632 -1361.266 45 12
-87.70549 525.61505 -1420.1183 45 12
-87.41132 546.8029 -1478.9895 45 12
-86.864845 567.6868 -1538.139 45 12
-86.006065 588.6191 -1597.1168 45 12
-84.80208 609.8278 -1656.1968 45 12
-83.35992 630.53143 -1715.7455 45 12
-81.54324 651.7189 -1774.8003 45 12
-79.43251 672.779 -1834.3457 45 12
-77.005974 693.86707 -1894.031 45 12
-74.26567 714.9523 -1953.7091 45 12
-71.2133 735.9994 -2013.6599 45 12
-67.829704 757.19543 -2073.4014 45 12
-64.159904 778.0151 -2133.5408 45 12
-60.150536 799.0408 -2193.6858 45 12
-55.824444 819.9828 -2253.8262 45 12
-51.14904 841.3264 -2314.3362 45 12
56.427776 -131.87625 122.623886 46 12
62.384026 -151.4794 127.965485 46 12
67.884224 -171.58192 133.36345 46 12
73.24915 -191.38426 138.29361 46 12
78.280716 -211.37288 143.69669 46 12
83.00878 -231.46838 149.26593 46 12
87.42954 -251.67719 154.50725 46 12
91.5297 -272.03485 159.76202 46 12
95.390656 -292.2913 165.22353 46 12
99.00642 -312.44107 170.43045 46 12
102.1124 -333.32303 175.8279 46 12
105.06044 -353.8092 181.17688 46 12
107.68047 -374.4372 186.54199 46 12
110.05076 -394.92584 191.88052 46 12
112.07011 -415.62238 197.35013 46 12
113.70261 -436.67203 202.60486 46 12
115.09749 -457.5048 207.98703 46 12
116.20091 -478.30417 213.28662 46 12
116.99123 -499.14453 218.71194 46 12
117.425575 -520.206 224.21283 46 12
117.579185 -541.15393 229.62035 46 12
117.41019 -562.1603 235.00679 46 12
116.91716 -583.2249 240.51404 46 12
116.08745 -604.40656 245.9392 46 12
114.96228 -625.4818 251.48482 46 12
113.527885 -646.4991 256.59418 46 12
111.73535 -667.7269 262.25735 46 12
109.6392 -688.84 267.71945 46 12
107.20633 -710.0235 273.22903 46 12
104.458275 -731.123 278.69302 46 12
101.38547 -752.17847 284.28094 46 12
97.97301 -773.28284 289.74796 46 12
94.17998 -794.775 295.2248 46 12
90.13347 -815.5732 300.7362 46 12
85.69244 -836.87317 306.3945 46 12
-149.032 1.0175649 -537.6135 47 13
-170.05022 -0.18671827 -629.2128 47 13
-190.45636 -1.8857518 -720.7225 47 13
-211.10187 -4.0801406 -812.4996 47 13
-231.69398 -6.7718287 -904.5473 47 13
-252.09402 -9.967664 -996.4266 47 13
-272.62766 -13.656778 -1088.6055 47 13
-293.0738 -17.847353 -1180.9938 47 13
-313.3859 -22.544111 -1273.4486 47 13
-333.68906 -27.739225 -1366.2227 47 13
-354.01648 -33.427505 -1459.2516 47 13
-374.01733 -39.64244 -1552.5126 47 13
-394.051 -46.349777 -1645.9017 47 13
-413.94348 -53.56709 -1739.6428 47 13
-433.4531 -61.32923 -1833.5658 47 13
-453.15082 -69.55756 -1927.9294 47 13
-472.81 -78.27742 -2022.514 47 13
-491.9578 -87.56831 -2117.412 47 13
-511.16986 -97.33311 -2212.5916 47 13
-530.2725 -107.59746 -2308.4106 47 13
-148.42346 13.800898 -283.69965 48 13
-168.51762 16.892838 -337.4387 48 13
-188.88147 20.07728 -391.4257 48 13
-209.06252 23.399424 -445.17337 48 13
-229.67453 26.789991 -498.82635 48 13
-249.8332 30.349823 -552.8698 48 13
-270.1275 34.010662 -606.4796 48 13
-290.42218 37.78793 -660.30426 48 13
-310.5891 41.69847 -714.11066 48 13
-330.8938 45.706745 -768.28827 48 13
-351.01294 49.856705 -821.8624 48 13
-371.194 54.113995 -875.7601 48 13
-391.41205 58.48128 -929.479 48 13
-411.55515 62.974915 -983.36414 48 13
-431.41797 67.627495 -1037.1007 48 13
-451.64166 72.33888 -1091.2543 48 13
-471.58487 77.20987 -1145.0695 48 13
-491.52982 82.19579 -1198.9592 48 13
-511.64432 87.26762 -1252.842 48 13
-531.68494 92.465546 -1306.7051 48 13
-551.71063 97.77946 -1360.7413 48 13
-571.3905 103.26885 -1414.8054 48 13
-591.5489 108.785126 -1468.5369 48 13
-611.2531 114.497734 -1522.5902 48 13
-631.1585 120.285866 -1576.6874 48 13
-650.78644 126.23987 -1630.556 48 13
-670.5256 132.2854 -1684.7013 48 13
-690.48517 138.39902 -1738.84 48 13
-710.1094 144.69131 -1792.7635 48 13
-729.9469 151.05154 -1846.8043 48 13
-749.44507 157.59332 -1900.8345 48 13
-769.12946 164.20728 -1955.1735 48 13
-788.8716 170.91893 -2009.172 48 13
-808.2654 177.81659 -2063.3503 48 13
-827.8445 184.784 -2117.5208 48 13
65.407814 120.268486 281.36414 49 14
76.959625 137.33513 304.77835 49 14
88.40093 154.47794 327.86615 49 14
99.748 171.66833 350.77664 49 14
111.0361 188.84637 374.16934 49 14
122.163956 206.18394 397.36032 49 14
133.1755 223.60411 420.62482 49 14
144.08418 241.08311 443.52307 49 14
154.78905 258.78864 466.63855 49 14
165.49098 276.38376 490.03043 49 14
176.014 294.16153 513.1414 49 14
186.62634 311.6727 536.19147 49 14
196.93732 329.5686 559.3771 49 14
207.19215 347.4383 582.43774 49 14
217.20956 365.58493 605.8392 49 14
227.24506 383.57794 628.9371 49 14
237.19899 401.58276 652.0205 49 14
246.91498 419.86346 675.3135 49 14
256.4925 438.2515 698.5639 49 14
266.06677 456.51425 721.9496 49 14
275.44882 474.97375 744.8624 49 14
284.72684 493.4778 768.15155 49 14
294.05225 511.7614 791.3099 49 14
303.17477 530.2568 814.7146 49 14
312.01416 549.10614 837.8721 49 14
320.9375 567.6637 861.0853 49 14
329.59302 586.54816 884.5575 49 14
338.23404 605.3094 907.86456 49 14
346.6619 624.3006 931.00854 49 14
355.03625 643.23425 954.39966 49 14
363.26883 662.268 977.5527 49 14
371.49603 681.151 1000.8803 49 14
379.42664 700.4155 1024.1045 49 14
387.22678 719.7579 1047.3778 49 14
395.04062 738.90753 1070.7444 49 14
-131.95604 69.46051 99.64878 50 14
-150.09512 78.97571 94.691055 50 14
-168.39552 88.512474 89.578354 50 14
-186.7253 98.13925 84.701324 50 14
-204.62788 108.09542 79.42709 50 14
-222.82274 118.000984 74.50478 50 14
-240.88892 128.0766 69.579895 50 14
-258.4261 138.53604 64.39275 50 14
-276.4729 148.82323 59.659126 50 14
-294.18372 159.38992 54.32584 50 14
-311.82568 170.0921 49.373703 50 14
-329.2997 180.98325 44.60289 50 14
-346.6718 192.02701 39.441643 50 14
-364.17422 203.09319 34.252888 50 14
-381.40903 214.40196 29.356205 50 14
-398.63727 225.80692 24.35118 50 14
-415.67474 237.41129 19.117043 50 14
-432.68387 249.1222 14.214889 50 14
-449.85568 260.82718 9.075019 50 14
-466.71387 272.8003 4.1907372 50 14
-483.40326 284.9584 -0.834503 50 14
-500.25964 297.10236 -5.9296374 50 14
-516.58484 309.64557 -11.044013 50 14
-533.0512 322.18768 -15.945517 50 14
-549.83466 334.61716 -21.278156 50 14
-566.05115 347.46957 -26.228163 50 14
-582.29083 360.38596 -31.11197 50 14
-598.4514 373.42734 -36.34358 50 14
-614.58856 386.5575 -41.296154 50 14
-630.5209 399.88937 -46.414608 50 14
-646.341 413.36453 -51.49918 50 14
-662.0256 426.9972 -56.494453 50 14
-677.84143 440.61353 -61.52054 50 14
-693.3391 454.5034 -66.66493 50 14
-708.881 468.42984 -71.87422 50 14
93.12786 -69.33486 205.66527 51 14
109.89884 -81.34907 216.96274 51 14
126.72085 -93.263535 228.23569 51 14
143.614 -105.06183 239.69005 51 14
160.53987 -116.7702 251.1035 51 14
177.6884 -128.24936 262.54572 51 14
194.84956 -139.6503 273.74564 51 14
212.17476 -150.8628 285.4564 51 14
229.57611 -161.94862 296.72177 51 14
247.28923 -172.74127 308.10565 51 14
264.78564 -183.61002 319.3358 51 14
282.29855 -194.38774 330.82736 51 14
300.09122 -204.89204 342.18292 51 14
317.80704 -215.36633 353.77957 51 14
335.79382 -225.57288 365.1953 51 14
353.86148 -235.64006 376.52103 51 14
372.06058 -245.53311 387.79977 51 14
390.2325 -255.3552 399.34192 51 14
408.4482 -265.0571 410.74374 51 14
426.91165 -274.50565 422.47934 51 14
445.41205 -283.8367 433.68683 51 14
463.8781 -293.0931 445.35562 51 14
482.63635 -302.0673 456.65463 51 14
501.33194 -310.98154 467.9753 51 14
520.17163 -319.70514 479.53192 51 14
539.02246 -328.31876 491.24344 51 14
558.1443 -336.66324 502.4199 51 14
577.1411 -344.9772 514.09094 51 14
596.0884 -353.2113 525.4334 51 14
615.5554 -361.0282 537.01654 51 14
634.912 -368.80023 548.4536 51 14
654.2049 -376.496 560.03735 51 14
673.573 -384.0328 571.5737 51 14
693.36115 -391.21487 583.17017 51 14
712.87946 -398.43216 594.69525 51 14
23.980188 -115.968834 162.05179 52 14
30.323265 -135.63159 166.47118 52 14
36.88132 -155.21014 171.20827 52 14
43.68431 -174.58551 175.88647 52 14
50.670113 -194.00972 180.34393 52 14
57.93734 -213.10194 185.02171 52 14
65.28517 -232.6003 189.59763 52 14
72.906334 -251.79109 194.36028 52 14
80.77454 -270.78027 199.02748 52 14
88.80692 -289.84515 203.55582 52 14
97.088844 -308.69916 208.24745 52 14
105.52189 -327.65424 212.90361 52 14
114.120895 -346.64957 217.56357 52 14
123.06384 -365.14615 222.23367 52 14
132.19136 -383.6302 227.05125 52 14
141.49834 -402.1085 231.51587 52 14
150.9069 -420.78998 236.09901 52 14
160.6495 -439.01932 241.01028 52 14
170.60959 -457.12665 245.38828 52 14
180.71947 -475.28854 250.10587 52 14
190.97177 -493.51288 254.7071 52 14
201.51027 -511.42334 259.41608 52 14
212.20622 -529.34924 264.14075 52 14
223.19118 -546.9593 268.743 52 14
234.29561 -564.6697 273.46466 52 14
245.64105 -582.1794 278.2842 52 14
257.23483 -599.47296 282.82324 52 14
268.86917 -617.0293 287.63156 52 14
280.88742 -634.0525 292.4701 52 14
292.99612 -651.2116 297.03076 52 14
305.21805 -668.44244 301.82962 52 14
317.87296 -685.0442 306.50446 52 14
330.61743 -701.7661 311.39117 52 14
343.52347 -718.4439 315.97934 52 14
356.5986 -735.0557 320.4416 52 14
-51.070374 131.03581 -305.11194 53 15
-60.27927 149.55952 -306.33224 53 15
-69.63014 167.93294 -307.53574 53 15
-79.10302 186.21074 -309.02127 53 15
-88.69197 204.40855 -310.1555 53 15
-98.475845 222.3485 -311.7273 53 15
-108.17143 240.66959 -312.7949 53 15
-117.98863 258.8906 -314.344 53 15
-128.0674 276.71063 -315.72775 53 15
-138.18645 294.61465 -316.97586 53 15
-148.21095 312.88058 -318.2264 53 15
-158.50516 330.7341 -319.60855 53 15
-168.96927 348.39218 -320.90552 53 15
-179.48083 366.10806 -322.32004 53 15
-190.07787 383.80057 -323.57816 53 15
-200.8755 401.23767 -324.93903 53 15
-211.6262 418.9142 -326.2826 53 15
-222.53944 436.41016 -327.44815 53 15
-233.56273 453.83008 -328.91278 53 15
-244.65033 471.2617 -329.96487 53 15
-255.73863 488.82376 -331.53308 53 15
-267.10635 505.98276 -332.96686 53 15
-278.5497 523.1293 -334.14703 53 15
-289.95465 540.4737 -335.62268 53 15
-301.651 557.3995 -336.70792 53 15
-313.4223 574.31104 -338.04498 53 15
-325.13007 591.4585 -339.45407 53 15
-336.9511 608.5148 -340.87784 53 15
-349.07712 625.13654 -341.97418 53 15
-361.1859 641.90393 -343.4857 53 15
-373.44705 658.5124 -344.8584 53 15
-385.68362 675.273 -346.26624 53 15
-397.96088 692.0668 -347.68024 53 15
-410.55148 708.4201 -348.68524 53 15
-423.1768 724.8177 -350.0438 53 15
-87.271675 -114.06479 -462.49228 54 16
-99.92886 -130.44879 -520.7777 54 16
-112.947815 -146.63333 -579.10785 54 16
-126.764336 -162.03677 -637.6253 54 16
-140.74982 -177.45145 -696.37115 54 16
-155.27649 -192.38101 -755.0618 54 16
-170.32867 -206.83232 -814.14294 54 16
-185.70625 -221.03143 -873.2252 54 16
-201.51768 -234.82535 -932.3983 54 16
-217.87495 -248.06827 -991.68854 54 16
-234.51799 -261.04047 -1051.4209 54 16
-251.6611 -273.47995 -1111.028 54 16
-269.16367 -285.52386 -1170.9742 54 16
-287.16248 -297.00797 -1231.0609 54 16
-305.56888 -308.00995 -1291.4906 54 16
-324.244 -318.6479 -1352.1248 54 16
-343.2347 -328.84808 -1413.3141 54 16
-362.8798 -338.26987 -1474.7152 54 16
-382.78348 -347.27316 -1536.0421 54 16
-402.96475 -355.81253 -1598.0792 54 16
-423.53217 -363.76773 -1660.3131 54 16
-444.42673 -371.16916 -1722.8173 54 16
-465.69507 -377.95584 -1785.981 54 16
-487.16977 -384.24017 -1849.1682 54 16
-509.30304 -389.64465 -1913.1318 54 16
-531.3745 -394.70404 -1977.4207 54 16
-554.04596 -398.89236 -2042.2357 54 16
-576.6934 -402.6402 -2107.2163 54 16
-599.81 -405.5677 -2173.176 54 16
-623.3084 -407.71783 -2239.609 54 16
-647.0689 -409.1461 -2306.458 54 16
-670.96765 -409.89966 -2374.0781 54 16
-140.7574 -49.6764 -36.85256 55 16
-159.54565 -58.14966 -29.432829 55 16
-178.33778 -66.835106 -21.874771 55 16
-196.83002 -75.84441 -14.338837 55 16
-215.29153 -85.07492 -7.035803 55 16
-233.64641 -94.552895 0.48812765 55 16
-251.66794 -104.36994 8.091944 55 16
-269.9131 -114.29407 15.406574 55 16
-287.9436 -124.50323 23.007101 55 16
-305.7894 -134.98459 30.634727 55 16
-323.518 -145.70712 38.12751 55 16
-341.01993 -156.71858 45.635635 55 16
-358.48016 -167.93265 53.214085 55 16
-375.88147 -179.35272 60.607742 55 16
-393.02786 -191.06976 68.316185 55 16
-409.80304 -203.14214 75.87081 55 16
-426.7108 -215.31947 83.37508 55 16
-443.63416 -227.6519 90.88405 55 16
-459.99847 -240.43279 98.55476 55 16
-476.5124 -253.294 106.06506 55 16
-492.7523 -266.4538 113.666046 55 16
-508.9098 -279.80746 121.169014 55 16
-524.8587 -293.42078 129.00491 55 16
-540.387 -307.41284 136.73181 55 16
-556.0308 -321.4784 144.18005 55 16
-571.6242 -335.70407 151.78656 55 16
-586.6351 -350.40128 159.48576 55 16
-601.74445 -365.16583 167.27246 55 16
-616.5968 -380.2059 174.81508 55 16
-631.37067 -395.40906 182.66603 55 16
-646.04114 -410.78503 190.34015 55 16
-660.2251 -426.57574 197.76347 55 16
-674.5017 -442.40698 205.71794 55 16
-688.14 -458.75406 213.37628 55 16
-701.9754 -475.06204 221.13126 55 16
-30.225395 131.80157 -209.33275 56 16
-32.878513 152.07597 -228.48766 56 16
-35.591187 172.6854 -247.44733 56 16
-38.494213 193.01666 -266.7777 56 16
-41.529583 213.3408 -285.7402 56 16
-44.705414 233.61678 -304.7853 56 16
-47.99762 253.97107 -323.88882 56 16
-51.418694 274.33948 -343.0827 56 16
-54.992 294.5961 -362.28265 56 16
-58.680542 314.93765 -381.27206 56 16
-62.5258 335.14075 -400.5676 56 16
-66.51448 355.27615 -419.74564 56 16
-70.62945 375.43497 -438.98267 56 16
-74.83904 395.78323 -458.02737 56 16
-79.22623 415.87994 -477.09448 56 16
-83.72562 436.06973 -496.47702 56 16
-88.38034 456.12592 -515.44507 56 16
-93.15432 476.23508 -534.6469 56 16
-98.04399 496.41196 -553.80334 56 16
-103.101944 516.38916 -572.8885 56 16
-108.280396 536.4079 -592.3339 56 16
-113.618515 556.2731 -611.2695 56 16
-119.06942 576.21497 -630.6526 56 16
-124.60503 596.3634 -649.7461 56 16
-130.3512 616.1139 -668.96545 56 16
-136.2077 635.9468 -688.1218 56 16
-142.18956 655.78766 -707.3457 56 16
-148.31436 675.5539 -726.6878 56 16
-154.57329 695.2859 -745.835 56 16
-160.97812 714.9303 -765.0907 56 16
-167.47426 734.7278 -784.67676 56 16
-174.13206 754.3654 -803.78784 56 16
-180.91074 774.0216 -823.08264 56 16
-187.78365 793.80566 -842.27155 56 16
-194.9074 813.05707 -861.65753 56 16
