x y z track_id event_id
-108.47297 -98.07574 251.96342 0 0
-123.670746 -111.99137 253.32384 0 0
-138.6829 -126.063614 254.34628 0 0
-154.05681 -139.79544 255.80908 0 0
-169.33762 -153.59909 256.95685 0 0
-184.7805 -167.24242 258.19012 0 0
-200.15947 -180.92953 259.57428 0 0
-215.65707 -194.49434 260.56815 0 0
-231.3778 -207.84259 261.95218 0 0
-247.0201 -221.24513 262.97403 0 0
-262.8774 -234.438 264.26352 0 0
-278.54697 -247.78023 265.50024 0 0
-294.4415 -260.90286 266.8997 0 0
-310.54135 -273.82425 268.01523 0 0
-326.6125 -286.7509 269.2791 0 0
-342.6149 -299.71603 270.58075 0 0
-358.86517 -312.44174 271.67798 0 0
-375.10754 -325.15125 273.04385 0 0
-391.44202 -337.75668 274.23276 0 0
-407.81253 -350.30585 275.54135 0 0
-424.2562 -362.766 276.6648 0 0
-440.9003 -375.02832 278.13184 0 0
-457.46024 -387.33472 279.02817 0 0
-474.1248 -399.5237 280.5291 0 0
-490.93985 -411.55664 281.58087 0 0
-507.7793 -423.53912 282.96167 0 0
-524.6042 -435.50235 284.10785 0 0
-541.6481 -447.25183 285.3586 0 0
-558.55066 -459.0849 286.4626 0 0
-575.7171 -470.66708 287.92523 0 0
-592.85004 -482.2422 289.06076 0 0
-610.07196 -493.70917 290.26675 0 0
-627.3793 -505.07068 291.52994 0 0
-644.7751 -516.32385 292.66718 0 0
-662.2433 -527.4812 293.96255 0 0
-34.187477 -138.90263 89.57034 1 0
-37.406754 -159.3106 67.58162 1 0
-40.42568 -179.59256 45.890804 1 0
-43.17623 -200.03708 23.618574 1 0
-45.65643 -220.66545 1.9127688 1 0
-47.938374 -241.1284 -20.199598 1 0
-49.97436 -261.64502 -42.196587 1 0
-51.75961 -282.2391 -63.981445 1 0
-53.309578 -302.8236 -86.13127 1 0
-54.61177 -323.46216 -108.18143 1 0
-55.674053 -344.10425 -130.05788 1 0
-56.48251 -364.83124 -152.16531 1 0
-57.05637 -385.51605 -174.31894 1 0
-57.4021 -406.09772 -196.161 1 0
-57.46901 -426.9286 -218.40334 1 0
-57.29191 -447.76648 -240.44969 1 0
-56.877464 -468.5485 -262.65234 1 0
-56.23882 -489.1416 -284.6707 1 0
-55.31571 -510.05853 -306.75354 1 0
-54.17044 -530.7409 -328.89685 1 0
-52.743534 -551.75415 -351.15048 1 0
-51.09193 -572.5223 -373.53958 1 0
-49.19351 -593.24603 -395.61646 1 0
-47.04541 -613.9425 -417.91525 1 0
-44.63609 -634.75916 -440.143 1 0
-41.982555 -655.456 -462.49527 1 0
-39.068043 -676.27454 -484.8641 1 0
-35.899464 -697.11523 -507.24768 1 0
-32.476322 -717.98773 -529.4644 1 0
-28.815554 -738.463 -551.7861 1 0
-24.885784 -759.26056 -574.4289 1 0
-20.702007 -780.0314 -596.9837 1 0
-16.264954 -800.70276 -619.4564 1 0
-11.571969 -821.3178 -641.99 1 0
-6.6205664 -842.04114 -664.29895 1 0
-121.14328 -83.121506 382.12878 2 0
-137.21509 -96.01902 401.99347 2 0
-153.13832 -109.09766 421.73474 2 0
-168.94899 -122.33 441.31006 2 0
-184.59396 -135.75246 461.0493 2 0
-200.16124 -149.2984 481.0719 2 0
-215.45493 -163.11221 500.97568 2 0
-230.80573 -176.94247 520.64777 2 0
-245.9138 -191.01414 540.461 2 0
-260.925 -205.21352 560.18713 2 0
-275.60526 -219.72363 579.9923 2 0
-290.34396 -234.23393 599.81635 2 0
-304.95486 -248.88837 619.9227 2 0
-319.25018 -263.83942 639.6271 2 0
-333.65756 -278.73242 659.5518 2 0
-347.58228 -294.06046 679.3254 2 0
-361.70496 -309.2489 699.2596 2 0
-375.2595 -324.94818 719.2743 2 0
-388.89462 -340.6005 738.8538 2 0
-402.48737 -356.30557 759.03577 2 0
-415.80917 -372.2623 778.88306 2 0
-429.05566 -388.29474 798.8731 2 0
-441.95868 -404.64343 818.7913 2 0
-454.68756 -421.155 838.98315 2 0
-467.3784 -437.7 858.8953 2 0
-480.04794 -454.25635 878.9025 2 0
-492.38452 -471.11542 898.8982 2 0
-504.48398 -488.18726 919.0726 2 0
-516.6585 -505.1662 939.2065 2 0
-528.50806 -522.4376 959.3656 2 0
-540.0386 -539.998 979.3572 2 0
-551.5553 -557.54095 999.3223 2 0
-562.9614 -575.15765 1019.6675 2 0
-574.05237 -593.05475 1039.718 2 0
-584.9563 -611.1003 1060.0419 2 0
-122.189476 86.92186 47.29643 3 0
-138.54874 99.4715 19.139795 3 0
-154.61125 112.30059 -8.881734 3 0
-170.82564 125.083176 -36.891502 3 0
-186.7805 138.11664 -64.83132 3 0
-202.68144 151.24928 -92.71782 3 0
-218.39362 164.58017 -120.844536 3 0
-233.99905 178.04713 -148.86188 3 0
-249.50996 191.63931 -176.82358 3 0
-264.859 205.40706 -204.88786 3 0
-280.34866 219.11353 -232.94102 3 0
-295.59042 233.05833 -261.01276 3 0
-310.5881 247.23978 -288.93542 3 0
-325.5627 261.48166 -317.10007 3 0
-340.42743 275.85086 -345.20615 3 0
-355.12524 290.3923 -373.14435 3 0
-369.7459 305.03152 -401.40878 3 0
-384.08466 319.93652 -429.15198 3 0
-398.60104 334.72333 -457.4634 3 0
-412.74185 349.8526 -485.71548 3 0
-426.6798 365.18085 -513.7799 3 0
-440.85336 380.32993 -542.3399 3 0
-454.38742 396.05194 -570.298 3 0
-468.3397 411.42804 -598.2895 3 0
-481.97635 427.09436 -626.5376 3 0
-495.2196 443.12317 -654.53705 3 0
-508.55087 459.08493 -682.9538 3 0
-521.94336 474.99716 -711.20496 3 0
-535.05145 491.17096 -739.56305 3 0
-548.0205 507.4737 -767.68823 3 0
-560.643 524.0977 -796.15875 3 0
-573.40936 540.5843 -824.4771 3 0
-586.0013 557.2276 -852.8779 3 0
-598.2934 574.1471 -881.1378 3 0
-610.54095 591.0981 -909.7212 3 0
-29.801186 -108.199104 -349.43 4 1
-33.30553 -128.29677 -361.00937 4 1
-36.162487 -148.94592 -372.4743 4 1
-38.553593 -169.41525 -384.24185 4 1
-40.33891 -190.2763 -395.70172 4 1
-41.638832 -210.95905 -407.29636 4 1
-42.407696 -231.62056 -418.92224 4 1
-42.557198 -252.72983 -430.30392 4 1
-42.19553 -273.65863 -442.03113 4 1
-41.297626 -294.47864 -453.74597 4 1
-39.798992 -315.61127 -465.65494 4 1
-37.778934 -336.41098 -477.33597 4 1
-35.1535 -357.5325 -489.21307 4 1
-31.95576 -378.6821 -501.0345 4 1
-28.215864 -399.38385 -512.67206 4 1
-23.85945 -420.54913 -524.5319 4 1
-18.935064 -441.41373 -536.72974 4 1
-13.41946 -462.2475 -548.8055 4 1
-7.307653 -483.14062 -560.7154 4 1
-0.6010455 -503.54572 -572.9478 4 1
6.712155 -524.22766 -585.06586 4 1
14.634509 -544.6761 -597.0444 4 1
23.167643 -565.0878 -609.4785 4 1
32.312973 -585.4499 -621.9337 4 1
42.081024 -605.61835 -634.3019 4 1
52.49329 -625.4083 -646.8633 4 1
63.52785 -645.17786 -659.4208 4 1
75.18657 -664.8836 -672.13586 4 1
87.52271 -684.0932 -685.0881 4 1
100.47957 -703.3181 -697.7775 4 1
114.12361 -722.09064 -710.96295 4 1
128.43886 -740.57697 -723.9355 4 1
143.4055 -758.90497 -737.0441 4 1
159.03383 -777.0109 -750.3772 4 1
175.35236 -794.7612 -763.94324 4 1
132.50305 -8.375972 -196.08539 5 1
152.05801 -14.748288 -183.47144 5 1
171.72722 -21.67072 -170.93472 5 1
191.01588 -29.19216 -158.17912 5 1
210.03204 -37.305626 -145.4009 5 1
229.19736 -45.92787 -132.66797 5 1
247.70963 -55.209225 -119.88507 5 1
266.31335 -64.99168 -107.29166 5 1
284.51813 -75.37942 -94.44945 5 1
302.65466 -86.28225 -81.48106 5 1
320.47137 -97.75953 -68.5926 5 1
337.88705 -109.83428 -55.545723 5 1
355.0309 -122.46204 -42.669754 5 1
371.93863 -135.6209 -29.610586 5 1
388.44986 -149.3601 -16.380354 5 1
404.5208 -163.69319 -3.1203356 5 1
420.2974 -178.55519 10.0268 5 1
435.71027 -193.96362 23.44948 5 1
450.7837 -209.89653 36.884876 5 1
465.45682 -226.36957 50.33982 5 1
479.60248 -243.43533 63.90648 5 1
493.2373 -261.07935 77.54106 5 1
506.72552 -279.09238 91.27212 5 1
519.3314 -297.8613 105.15881 5 1
531.68677 -317.0217 119.20642 5 1
543.5395 -336.69647 132.95831 5 1
554.7268 -356.9717 147.29207 5 1
565.28107 -377.81613 161.55064 5 1
575.2707 -399.16745 175.87384 5 1
584.62006 -421.05692 190.57477 5 1
593.4718 -443.3568 205.2114 5 1
601.2877 -466.44745 219.91696 5 1
608.8566 -489.69876 234.78328 5 1
615.4938 -513.61255 250.2445 5 1
621.2318 -538.1466 265.36493 5 1
-97.10891 99.13834 397.25116 6 2
-113.85658 111.1167 434.18463 6 2
-130.74216 122.92661 471.42923 6 2
-147.79831 134.54184 508.048 6 2
-164.75214 146.2092 545.19495 6 2
-181.75386 157.78458 582.19745 6 2
-198.94289 169.14708 619.3774 6 2
-216.18701 180.41151 656.3851 6 2
-233.64037 191.44931 693.4025 6 2
-251.04793 202.47018 730.3979 6 2
-268.5661 213.34393 767.65076 6 2
-286.1611 224.09709 804.533 6 2
-303.93182 234.65213 841.5767 6 2
-321.65762 245.17914 878.73956 6 2
-339.37012 255.64969 915.84644 6 2
-357.36545 265.84006 952.9309 6 2
-375.45282 275.89496 990.1365 6 2
-393.5032 285.90753 1027.3505 6 2
-411.58148 295.82727 1064.4572 6 2
-429.9736 305.4489 1101.6316 6 2
-448.16248 315.14056 1138.7385 6 2
-466.5192 324.63675 1175.9951 6 2
-484.91953 334.02417 1212.9924 6 2
-503.49216 343.21356 1250.2377 6 2
-522.15576 352.2609 1287.5355 6 2
-540.81396 361.22995 1324.7622 6 2
-559.4809 370.10883 1362.0125 6 2
-578.2844 378.81174 1399.3479 6 2
-597.2664 387.31183 1436.6648 6 2
-616.24786 395.72513 1473.7765 6 2
-635.38666 403.94904 1511.1403 6 2
-654.3223 412.21124 1548.5876 6 2
-673.439 420.2662 1586.0018 6 2
-692.8133 428.0678 1623.1986 6 2
-712.1515 435.79825 1660.6187 6 2
-87.51742 110.42993 113.485435 7 2
-102.0118 125.080284 104.53751 7 2
-116.608925 139.58759 95.39225 7 2
-131.15901 154.14062 86.37461 7 2
-145.39978 169.04355 77.32486 7 2
-159.59654 183.9814 68.31132 7 2
-173.92267 198.75717 59.14401 7 2
-187.93565 213.8777 49.96212 7 2
-201.88286 229.05826 40.719067 7 2
-215.88553 244.1616 31.861563 7 2
-229.88644 259.25253 22.910547 7 2
-243.59311 274.66025 13.753295 7 2
-257.27246 290.08252 4.484322 7 2
-270.8419 305.61188 -4.41747 7 2
-284.421 321.1126 -13.514913 7 2
-297.7558 336.8708 -22.621342 7 2
-311.09525 352.60455 -31.66491 7 2
-324.4232 368.33084 -40.802593 7 2
-337.55106 384.26303 -49.66059 7 2
-350.72168 400.12408 -58.65344 7 2
-363.72586 416.15158 -68.027824 7 2
-376.47214 432.45044 -76.991196 7 2
-389.43387 448.4766 -86.06308 7 2
-402.17566 464.72906 -95.038 7 2
-414.6454 481.26907 -104.22634 7 2
-427.28995 497.57788 -113.17563 7 2
-439.70114 514.12836 -122.46911 7 2
-452.23422 530.5048 -131.6213 7 2
-464.38568 547.29675 -140.64072 7 2
-476.5493 564.04175 -149.81685 7 2
-488.649 580.8278 -158.92633 7 2
-500.91205 597.38245 -167.77014 7 2
-512.6946 614.4729 -177.1065 7 2
-524.44147 631.5688 -186.24733 7 2
-536.09546 648.7377 -195.17485 7 2
-40.773834 -95.774765 58.876266 8 2
-49.402718 -114.4065 40.93931 8 2
-58.353844 -132.9565 22.946825 8 2
-67.62934 -151.40884 5.1851673 8 2
-77.17927 -169.86172 -12.983658 8 2
-87.15152 -187.9783 -30.687197 8 2
-97.49196 -205.87424 -49.32259 8 2
-108.0757 -223.80237 -67.109245 8 2
-119.132515 -241.27606 -85.49625 8 2
-130.51001 -258.60593 -103.21904 8 2
-142.13176 -275.9293 -121.22748 8 2
-154.19167 -292.8578 -139.5367 8 2
-166.5426 -309.669 -157.67314 8 2
-179.23276 -326.26147 -175.87619 8 2
-192.28624 -342.58447 -193.91785 8 2
-205.49445 -358.99744 -212.43044 8 2
-219.132 -375.00317 -230.75957 8 2
-233.11238 -390.7492 -249.01573 8 2
-247.50232 -406.1194 -267.30817 8 2
-262.15863 -421.3439 -285.81067 8 2
-276.94913 -436.61676 -304.24185 8 2
-292.39664 -451.10464 -322.61462 8 2
-307.92953 -465.69528 -341.11374 8 2
-323.92465 -479.80005 -359.8563 8 2
-340.11414 -493.8124 -378.51566 8 2
-356.5956 -507.57413 -397.11743 8 2
-373.55664 -520.8132 -415.8758 8 2
-390.6956 -533.9471 -434.654 8 2
-408.08966 -546.8528 -453.49774 8 2
-425.80942 -559.4244 -472.30203 8 2
-443.89124 -571.60767 -491.47922 8 2
-462.16077 -583.6182 -510.42752 8 2
-480.76172 -595.2603 -529.60724 8 2
-499.80814 -606.3887 -548.675 8 2
-518.9681 -617.39935 -568.15845 8 2
36.97891 -99.69769 201.26964 9 2
43.119755 -119.01715 206.20932 9 2
49.226 -138.88123 211.53583 9 2
55.56958 -158.54117 216.69249 9 2
62.147675 -177.99649 221.80737 9 2
68.85326 -197.55077 227.07658 9 2
75.78483 -216.91972 232.13683 9 2
82.83548 -236.40709 237.23026 9 2
90.086365 -255.77785 242.4151 9 2
97.54474 -275.01004 247.71925 9 2
105.22966 -294.04987 252.86899 9 2
113.02817 -313.2115 258.05472 9 2
121.038445 -332.21838 263.26334 9 2
129.2008 -351.23315 268.42712 9 2
137.59186 -370.04526 273.59982 9 2
146.11497 -388.914 278.71146 9 2
154.81758 -407.70834 284.03287 9 2
163.74861 -426.29883 289.0242 9 2
172.77194 -445.03815 294.39822 9 2
182.04333 -463.52017 299.7728 9 2
191.49246 -481.92593 304.7579 9 2
201.0521 -500.4206 310.0019 9 2
210.86803 -518.63776 315.26474 9 2
220.76552 -537.0069 320.45648 9 2
230.991 -554.92554 325.5766 9 2
241.14195 -573.3608 330.79117 9 2
251.71564 -591.1219 336.24216 9 2
262.37823 -609.002 341.3739 9 2
273.25754 -626.69867 346.44394 9 2
284.21362 -644.53064 351.6538 9 2
295.44528 -662.0422 356.97263 9 2
306.70688 -679.7837 362.18674 9 2
318.22 -697.25635 367.4443 9 2
329.975 -714.48517 372.89996 9 2
341.84634 -731.7419 378.02505 9 2
-103.829544 -77.76727 -256.02155 10 3
-121.50961 -88.216286 -254.14963 10 3
-139.71878 -98.10172 -252.36655 10 3
-157.99939 -107.751175 -250.42587 10 3
-176.4003 -117.1189 -248.4878 10 3
-195.13768 -126.05568 -246.77019 10 3
-213.92862 -134.74161 -245.04335 10 3
-233.11925 -142.95201 -243.23851 10 3
-252.10379 -151.0545 -241.3428 10 3
-271.30704 -158.77809 -239.59247 10 3
-290.84204 -166.05495 -237.49939 10 3
-310.56393 -172.96721 -235.86801 10 3
-330.2522 -179.6302 -233.99902 10 3
-350.1984 -185.87613 -232.23494 10 3
-370.42383 -191.69257 -230.24802 10 3
-390.74582 -197.17125 -228.40245 10 3
-410.9431 -202.41371 -226.6642 10 3
-431.58368 -207.13199 -224.79187 10 3
-452.15 -211.57404 -222.9725 10 3
-472.8495 -215.63232 -221.16542 10 3
-493.80566 -219.2468 -219.2247 10 3
-514.86053 -222.48497 -217.3814 10 3
-535.77466 -225.44136 -215.30501 10 3
-557.0464 -227.89781 -213.50694 10 3
-578.396 -229.9686 -211.51527 10 3
-599.7907 -231.65991 -209.71646 10 3
-621.3543 -232.91797 -207.77747 10 3
-642.8279 -233.83386 -205.92308 10 3
-664.4937 -234.29643 -203.85806 10 3
-686.1143 -234.38472 -202.02335 10 3
-708.14087 -233.93991 -200.26897 10 3
-729.913 -233.17815 -198.2847 10 3
-751.8363 -231.95796 -196.11699 10 3
-774.02576 -230.24223 -194.38533 10 3
-795.8521 -228.21233 -192.29593 10 3
-114.26635 62.5493 -303.36288 11 4
-132.25337 72.591995 -314.501 11 4
-150.17007 82.61447 -325.7389 11 4
-168.39189 92.409996 -336.9131 11 4
-186.4132 102.256096 -348.0694 11 4
-204.45026 112.03329 -359.44043 11 4
-222.63898 121.66682 -370.6158 11 4
-241.06944 131.10779 -381.69534 11 4
-259.37845 140.55386 -393.03613 11 4
-277.56354 150.00507 -404.23923 11 4
-295.9612 159.2789 -415.33624 11 4
-314.45746 168.43726 -426.76407 11 4
-333.07053 177.47038 -438.02502 11 4
-351.4495 186.56465 -449.04135 11 4
-370.02475 195.4904 -460.20038 11 4
-388.78812 204.25272 -471.5545 11 4
-407.36343 213.04904 -482.783 11 4
-426.146 221.67157 -493.9936 11 4
-444.7644 230.31349 -505.27774 11 4
-463.77747 238.68507 -516.4258 11 4
-482.44934 247.16565 -527.52356 11 4
-501.4609 255.40494 -539.03265 11 4
-520.2278 263.70108 -550.11316 11 4
-539.43774 271.70483 -561.31244 11 4
-558.267 279.83197 -572.5605 11 4
-577.3975 287.73883 -583.71893 11 4
-596.62225 295.5298 -595.1669 11 4
-615.8 303.2746 -606.2481 11 4
-634.7543 311.05853 -617.55 11 4
-654.02563 318.61584 -628.668 11 4
-673.25806 326.12088 -640.02625 11 4
-692.6601 333.4722 -651.2827 11 4
-711.9132 340.82312 -662.4302 11 4
-731.35126 348.0128 -673.88525 11 4
-750.6608 355.19037 -685.2444 11 4
110.906 84.94194 -19.624458 12 4
126.9142 98.020706 10.946129 12 4
142.47751 111.41144 41.2688 12 4
158.43092 124.466545 71.7959 12 4
174.37506 137.49626 102.62312 12 4
190.364 150.45778 133.29501 12 4
206.67822 163.1288 163.68549 12 4
222.93112 175.81395 194.34535 12 4
239.09624 188.53331 224.97478 12 4
255.44579 201.07117 255.39828 12 4
271.88675 213.50027 286.13907 12 4
288.4522 225.79405 316.8382 12 4
304.97934 238.07918 347.29135 12 4
321.84116 250.06393 378.05844 12 4
338.53427 262.1397 408.46933 12 4
355.46124 273.9931 439.28165 12 4
372.22134 285.93256 469.858 12 4
389.16922 297.68378 500.542 12 4
406.4552 309.1328 530.97644 12 4
423.39194 320.80228 561.66205 12 4
440.7483 332.10736 592.351 12 4
457.99173 343.45053 623.0877 12 4
475.6497 354.43546 653.78644 12 4
492.73154 365.80057 684.3577 12 4
510.39594 376.68216 715.1411 12 4
527.93555 387.60492 746.03345 12 4
545.5877 398.39243 776.4867 12 4
563.1658 409.18002 807.2127 12 4
581.11957 419.6403 837.9948 12 4
598.9333 430.14673 868.6802 12 4
616.9255 440.46854 899.529 12 4
635.0146 450.66418 930.106 12 4
653.1671 460.75702 960.9068 12 4
671.12085 470.93015 991.64435 12 4
689.48224 480.7566 1022.5805 12 4
138.6637 -53.482468 -182.48872 13 4
157.78539 -60.757504 -175.69234 13 4
177.32878 -67.979164 -169.05417 13 4
196.38611 -75.49599 -162.60147 13 4
215.35857 -83.153595 -155.8009 13 4
234.54553 -90.83604 -149.2805 13 4
253.70938 -98.63404 -142.557 13 4
272.70758 -106.60266 -135.9031 13 4
291.59644 -114.72004 -129.37413 13 4
310.5679 -122.91019 -122.71891 13 4
329.46478 -131.23427 -116.17452 13 4
348.33832 -139.67143 -109.36647 13 4
366.91632 -148.33101 -102.86674 13 4
385.42133 -157.12405 -96.1275 13 4
404.41443 -165.82013 -89.66202 13 4
422.8907 -174.82918 -82.99056 13 4
441.16302 -184.0248 -76.361565 13 4
459.9662 -193.09935 -69.59883 13 4
478.25955 -202.48712 -62.94426 13 4
496.7509 -211.89015 -56.454605 13 4
514.9499 -221.51627 -49.708424 13 4
533.12445 -231.25125 -43.134296 13 4
551.4802 -241.0044 -36.53652 13 4
569.58575 -250.96277 -29.94296 13 4
587.42413 -261.13544 -23.263756 13 4
605.4736 -271.31006 -16.467922 13 4
623.53784 -281.5717 -9.862052 13 4
641.3195 -292.05438 -3.0225744 13 4
659.3477 -302.51733 3.370803 13 4
677.0645 -313.21463 10.082928 13 4
694.8818 -323.9565 16.934155 13 4
712.32855 -334.962 23.511993 13 4
729.9729 -345.9648 30.138334 13 4
747.62103 -357.05405 36.66978 13 4
764.93243 -368.39236 43.587387 13 4
0.15650027 -147.5131 -180.07123 14 4
-1.387682 -168.00212 -173.24098 14 4
-3.0906131 -188.44295 -166.13129 14 4
-4.9468126 -209.09613 -159.34993 14 4
-6.9646444 -229.53232 -152.44781 14 4
-9.133709 -250.14526 -145.55968 14 4
-11.461575 -270.6749 -138.40918 14 4
-13.957977 -290.94333 -131.50139 14 4
-16.589155 -311.6579 -124.715294 14 4
-19.400974 -331.90826 -117.89194 14 4
-22.352013 -352.45416 -110.68984 14 4
-25.473959 -372.7625 -103.81462 14 4
-28.746029 -393.16006 -96.92155 14 4
-32.172115 -413.57568 -89.864174 14 4
-35.75986 -433.90912 -82.974 14 4
-39.52259 -454.0159 -75.91621 14 4
-43.395096 -474.63776 -68.90014 14 4
-47.48641 -494.5621 -61.96793 14 4
-51.704147 -514.79755 -54.96802 14 4
-56.05975 -535.1913 -48.075893 14 4
-60.60039 -555.28784 -41.186638 14 4
-65.28857 -575.44794 -34.10868 14 4
-70.11104 -595.7729 -26.935108 14 4
-75.12193 -615.79755 -20.020292 14 4
-80.29518 -635.75494 -13.176188 14 4
-85.59716 -655.9051 -6.2327523 14 4
-91.09723 -675.7111 0.7828623 14 4
-96.69799 -695.90137 7.6576767 14 4
-102.48151 -715.86456 14.845128 14 4
-108.4419 -735.6561 21.80684 14 4
-114.53087 -755.60516 28.6893 14 4
-120.77899 -775.4984 35.764793 14 4
-127.22121 -795.11816 42.769382 14 4
-133.76794 -815.02686 49.820892 14 4
-140.48476 -834.8097 56.919334 14 4
-103.37361 78.57541 -175.208 15 4
-119.16307 91.78715 -167.46599 15 4
-134.89664 105.08357 -159.746 15 4
-150.36325 118.62917 -152.20401 15 4
-165.94843 132.12016 -144.37968 15 4
-181.43515 145.7251 -136.54057 15 4
-196.68033 159.55919 -128.95784 15 4
-212.04593 173.32861 -121.20093 15 4
-227.16841 187.32771 -113.60179 15 4
-242.23375 201.40393 -106.1691 15 4
-257.2373 215.55937 -98.34188 15 4
-272.04614 229.90475 -90.51136 15 4
-286.8173 244.30728 -82.81345 15 4
-301.47415 258.8305 -75.18322 15 4
-316.08124 273.41797 -67.46353 15 4
-330.5034 288.1855 -59.76954 15 4
-344.97287 302.92978 -51.966347 15 4
-359.28387 317.82904 -44.215073 15 4
-373.35153 332.959 -36.590626 15 4
-387.3628 348.15366 -29.07222 15 4
-401.52496 363.22342 -21.453861 15 4
-415.20837 378.7362 -13.48298 15 4
-429.04767 394.11566 -5.8949604 15 4
-442.72702 409.64774 1.8240376 15 4
-456.33725 425.24783 9.74757 15 4
-469.6582 441.12088 17.38416 15 4
-483.06476 456.915 25.17294 15 4
-496.34756 472.82468 32.956047 15 4
-509.36203 488.9879 40.69843 15 4
-522.4968 505.03125 48.315704 15 4
-535.25385 521.4338 56.137135 15 4
-548.09357 537.74854 63.827656 15 4
-560.9644 554.02124 71.54209 15 4
-573.4442 570.66785 79.381935 15 4
-585.9341 587.2913 87.026 15 4
-36.94172 127.01143 -67.73761 16 5
-41.903454 147.07794 -56.529465 16 5
-46.94645 167.17932 -45.133175 16 5
-52.22321 186.76833 -33.563362 16 5
-57.443504 206.88103 -22.219765 16 5
-62.799557 226.8294 -10.565293 16 5
-68.30609 246.5582 0.6471884 16 5
-73.87041 266.4015 12.00243 16 5
-79.502106 286.32367 23.523794 16 5
-85.27287 306.06586 34.76893 16 5
-91.10388 325.91068 46.06227 16 5
-97.1084 345.45282 57.526077 16 5
-103.152016 365.17154 69.1689 16 5
-109.32179 384.75662 80.58914 16 5
-115.52153 404.54605 91.90168 16 5
-121.83458 424.24503 103.34714 16 5
-128.25223 443.8841 114.65957 16 5
-134.87004 463.13474 126.08049 16 5
-141.38673 483.03204 137.56178 16 5
-148.21059 502.1775 149.2237 16 5
-154.97476 521.8205 160.48976 16 5
-161.88779 541.2522 171.92325 16 5
-168.93665 560.51904 183.30069 16 5
-175.99348 580.0447 194.78804 16 5
-183.17957 599.42554 206.1409 16 5
-190.49915 618.64966 217.71252 16 5
-197.8709 637.98126 229.20355 16 5
-205.33301 657.29456 240.57413 16 5
-212.92258 676.4707 252.1444 16 5
-220.60112 695.6329 263.51553 16 5
-228.39015 714.71265 274.88782 16 5
-236.25052 733.83215 286.2447 16 5
-244.18155 752.9912 297.83798 16 5
-252.14113 772.3166 309.2915 16 5
-260.41086 790.9476 320.66885 16 5
-41.532314 -134.65506 276.26837 17 6
-46.291138 -154.82399 303.4062 17 6
-50.824898 -174.84195 330.5199 17 6
-55.079338 -194.873 357.90237 17 6
-58.954712 -215.26866 385.14685 17 6
-62.56923 -235.6041 412.61578 17 6
-65.86689 -256.0769 439.74432 17 6
-68.89827 -276.48343 467.17896 17 6
-71.60098 -297.0616 494.45117 17 6
-74.02217 -317.61276 521.79456 17 6
-76.14429 -338.19772 549.3447 17 6
-77.94443 -358.9114 576.873 17 6
-79.42963 -379.7205 604.15204 17 6
-80.67201 -400.26352 631.63934 17 6
-81.510216 -421.3274 659.1994 17 6
-82.13203 -441.95227 686.6688 17 6
-82.36445 -463.03796 714.4292 17 6
-82.3729 -483.66077 742.0665 17 6
-81.98524 -504.79926 769.6641 17 6
-81.318436 -525.75964 797.2627 17 6
-80.34721 -546.67053 824.9718 17 6
-79.05051 -567.65967 852.76135 17 6
-77.43675 -588.66113 880.6304 17 6
-75.50231 -609.6906 908.6524 17 6
-73.25116 -630.7037 936.4315 17 6
-70.67146 -651.7894 964.33734 17 6
-67.76048 -672.9753 992.44507 17 6
-64.57125 -693.6993 1020.6331 17 6
-61.03719 -714.5991 1048.6372 17 6
-57.171303 -735.5417 1076.8541 17 6
-52.954266 -756.7988 1105.1813 17 6
-48.454197 -777.3748 1133.552 17 6
-43.589066 -798.4638 1161.7096 17 6
-38.398243 -819.4581 1190.3203 17 6
-32.887177 -840.1402 1218.714 17 6
-136.62859 26.87948 -299.53995 18 7
-156.8448 30.889854 -300.3989 18 7
-176.95229 34.794456 -301.02615 18 7
-197.26183 38.531902 -301.64923 18 7
-217.68683 42.11935 -302.53827 18 7
-238.244 45.553883 -302.8836 18 7
-258.24588 48.96633 -303.6199 18 7
-278.69843 52.16414 -304.50797 18 7
-298.94775 55.270855 -305.2417 18 7
-319.37607 58.214817 -305.84897 18 7
-339.98727 60.99627 -306.60638 18 7
-360.23477 63.712906 -307.435 18 7
-380.67157 66.265 -308.05334 18 7
-401.2551 68.66098 -308.78 18 7
-421.80353 70.93225 -309.38544 18 7
-442.33823 73.074554 -310.21683 18 7
-463.01413 75.062164 -310.85577 18 7
-483.1964 76.99702 -311.62302 18 7
-504.1421 78.677864 -312.29153 18 7
-524.516 80.315704 -313.04117 18 7
-545.29083 81.75891 -313.74197 18 7
-565.588 83.13988 -314.47342 18 7
-586.4481 84.30413 -315.1626 18 7
-607.0603 85.370575 -315.915 18 7
-627.7008 86.29852 -316.73648 18 7
-648.61707 87.05462 -317.34598 18 7
-669.0843 87.73615 -317.8407 18 7
-689.79877 88.2494 -318.83325 18 7
-710.73145 88.59999 -319.3861 18 7
-731.37024 88.85189 -320.18808 18 7
-752.08496 88.95819 -320.883 18 7
-772.8782 88.91898 -321.45132 18 7
-793.46405 88.766685 -322.42172 18 7
-814.57245 88.41968 -322.92505 18 7
-835.1485 87.99389 -323.8359 18 7
24.599207 -147.2131 -450.00024 19 7
29.536411 -167.20589 -472.3768 19 7
34.939632 -187.19125 -494.54645 19 7
40.78968 -207.24066 -516.9553 19 7
47.20317 -226.75427 -539.2994 19 7
54.03388 -246.45123 -561.6418 19 7
61.294197 -266.22073 -584.05927 19 7
69.16256 -285.28455 -606.6804 19 7
77.424835 -304.55154 -628.8858 19 7
86.19807 -323.52267 -651.66675 19 7
95.39668 -342.51086 -674.4194 19 7
105.13769 -361.07837 -696.81226 19 7
115.3217 -379.57022 -719.99207 19 7
126.02464 -397.721 -742.4975 19 7
137.15704 -415.80676 -765.4209 19 7
148.76425 -433.6667 -788.36285 19 7
160.86703 -451.23087 -811.54987 19 7
173.41338 -468.63483 -834.5053 19 7
186.34894 -485.9991 -857.80457 19 7
199.9171 -502.67685 -880.9902 19 7
213.84592 -519.35895 -904.30896 19 7
228.34119 -535.52185 -928.181 19 7
243.24945 -551.5236 -951.3479 19 7
258.69934 -567.0557 -974.8988 19 7
274.49622 -582.5334 -998.7714 19 7
290.7427 -597.7067 -1022.8318 19 7
307.57184 -612.29395 -1046.7395 19 7
324.86438 -626.53284 -1070.8967 19 7
342.498 -640.6366 -1095.4962 19 7
360.70963 -654.13904 -1119.8042 19 7
379.4238 -667.17664 -1144.2954 19 7
398.4688 -680.0324 -1169.1003 19 7
417.91937 -692.546 -1194.116 19 7
438.09167 -704.18414 -1219.3337 19 7
458.53717 -715.667 -1244.4701 19 7
146.36534 13.828707 206.05884 20 7
166.85562 15.613317 277.80237 20 7
187.6051 17.151428 349.2222 20 7
207.95969 18.50253 420.87537 20 7
228.31004 19.629 492.70203 20 7
249.40413 20.468369 564.5519 20 7
269.9219 21.131773 636.35974 20 7
290.48926 21.565386 708.2078 20 7
310.9472 21.780268 780.10004 20 7
331.67508 21.749475 851.85767 20 7
352.58392 21.481478 923.8479 20 7
373.34903 20.996576 995.7263 20 7
393.7737 20.302414 1067.7223 20 7
414.4454 19.36616 1139.7704 20 7
435.07407 18.20308 1211.7279 20 7
455.95844 16.801113 1283.9822 20 7
476.41205 15.185592 1356.1222 20 7
497.32986 13.325699 1428.2975 20 7
517.89166 11.246009 1500.4811 20 7
538.36633 8.93636 1572.7081 20 7
559.13214 6.390853 1645.5962 20 7
580.01965 3.6148832 1717.7489 20 7
600.3977 0.61087066 1790.2789 20 7
621.14813 -2.62555 1862.709 20 7
641.8904 -6.092182 1935.2649 20 7
662.0922 -9.797031 2008.1044 20 7
682.80164 -13.727612 2080.8765 20 7
703.3497 -17.89277 2153.6829 20 7
723.8808 -22.290533 2226.712 20 7
744.42163 -26.920055 2299.6926 20 7
764.6873 -31.792822 2372.7324 20 7
-88.55803 -115.28109 -241.80226 21 7
-100.85711 -131.8618 -234.29787 21 7
-113.09105 -148.41696 -227.02222 21 7
-125.04649 -165.22119 -219.44945 21 7
-136.7042 -182.29765 -211.7678 21 7
-148.2947 -199.3349 -204.1957 21 7
-159.4601 -216.80928 -196.66222 21 7
-170.54881 -234.24683 -189.19347 21 7
-181.50539 -251.71411 -181.52614 21 7
-192.13492 -269.4759 -173.76569 21 7
-202.61221 -287.28464 -166.29535 21 7
-212.74484 -305.40845 -158.95146 21 7
-222.63905 -323.69446 -151.15086 21 7
-232.48854 -341.85382 -143.52107 21 7
-241.9297 -360.41333 -135.9886 21 7
-251.22641 -378.98007 -128.42075 21 7
-260.20212 -397.81403 -120.62231 21 7
-269.05167 -416.61368 -113.177795 21 7
-277.68085 -435.5153 -105.35277 21 7
-286.02826 -454.6103 -97.63788 21 7
-294.03036 -473.99872 -89.95555 21 7
-301.87863 -493.3692 -82.37862 21 7
-309.4083 -512.98376 -74.79746 21 7
-316.78677 -532.5606 -67.19482 21 7
-323.73093 -552.57056 -59.176193 21 7
-330.61288 -572.37775 -51.725193 21 7
-337.19284 -592.38367 -43.917652 21 7
-343.51965 -612.49927 -36.384777 21 7
-349.6385 -632.637 -28.663147 21 7
-355.4175 -653.02924 -21.054453 21 7
-360.9635 -673.4774 -13.149419 21 7
-366.26364 -693.9976 -5.396527 21 7
-371.26443 -714.685 2.5421777 21 7
-376.0264 -735.4181 10.2515745 21 7
-380.5675 -756.1522 18.173769 21 7
-128.00513 48.52255 150.08626 22 8
-147.79132 54.277473 157.39697 22 8
-167.56535 59.901382 164.25998 22 8
-187.36777 65.37793 171.32654 22 8
-207.38884 70.64144 178.40431 22 8
-227.35902 75.78503 185.44032 22 8
-247.39326 80.768456 192.53821 22 8
-267.38394 85.625984 199.64078 22 8
-287.48132 90.30826 206.46535 22 8
-307.8211 94.77402 213.47655 22 8
-327.93127 99.168976 220.57944 22 8
-347.8892 103.465065 227.87077 22 8
-368.19745 107.51196 234.58458 22 8
-388.36417 111.45515 241.93332 22 8
-408.9066 115.14558 248.9141 22 8
-429.08334 118.793 255.87073 22 8
-449.62683 122.19179 262.99722 22 8
-469.86728 125.52513 269.8311 22 8
-490.31265 128.6544 276.96292 22 8
-510.89386 131.59932 284.18753 22 8
-531.4313 134.40623 291.34756 22 8
-552.06476 137.03886 298.27872 22 8
-572.48706 139.57246 305.38376 22 8
-593.14844 141.8955 312.45142 22 8
-613.7348 144.08405 319.53607 22 8
-634.0907 146.17207 326.5417 22 8
-654.9519 147.98935 333.83206 22 8
-675.6714 149.6851 340.74442 22 8
-696.33813 151.23727 347.89667 22 8
-717.1938 152.59296 354.9911 22 8
-738.0645 153.79004 362.1781 22 8
-758.5138 154.91702 369.41632 22 8
-779.45764 155.78465 376.24762 22 8
-800.269 156.52116 383.35858 22 8
-821.144 157.0866 390.7109 22 8
51.48248 139.18304 228.05522 23 8
56.363804 159.31187 246.28685 23 8
60.934364 179.27065 264.792 23 8
64.944466 199.7764 283.41205 23 8
68.60787 220.1871 301.69913 23 8
71.84228 240.73692 320.13293 23 8
74.6881 261.27524 338.52905 23 8
77.12793 281.83627 357.28082 23 8
79.10764 302.60242 375.66605 23 8
80.6554 323.4629 394.08408 23 8
81.84532 344.0921 412.66245 23 8
82.550095 364.9891 431.28488 23 8
82.77379 386.1506 450.14627 23 8
82.63356 407.01584 468.80038 23 8
82.02539 428.04584 487.52643 23 8
80.96875 449.1348 506.31674 23 8
79.4732 470.20847 524.9825 23 8
77.519135 491.35803 543.8701 23 8
75.11546 512.50964 562.93475 23 8
72.256615 533.67395 581.7765 23 8
68.94872 554.7734 600.9488 23 8
65.196365 575.716 620.05634 23 8
60.951702 596.88574 639.1594 23 8
56.23507 618.1078 658.47015 23 8
51.077076 638.985 677.68506 23 8
45.427074 660.04865 697.03467 23 8
39.29868 681.13025 716.335 23 8
32.709602 701.8187 735.748 23 8
25.62782 722.5979 755.6434 23 8
18.053444 743.52734 775.1767 23 8
9.996361 764.1497 794.9632 23 8
1.4454963 784.4123 814.8962 23 8
-7.6037407 805.1736 834.67426 23 8
-17.15558 825.42474 854.6102 23 8
-27.205114 845.8535 874.92786 23 8
-112.29037 81.6454 296.97226 24 8
-129.99477 92.14049 325.40814 24 8
-147.81186 102.45191 353.84946 24 8
-165.85658 112.500244 381.97858 24 8
-183.90105 122.4399 410.1516 24 8
-202.11026 132.15715 438.74472 24 8
-220.44154 141.67963 467.27322 24 8
-238.72157 151.1156 495.40622 24 8
-257.1853 160.31238 523.8779 24 8
-275.96893 169.18706 552.19586 24 8
-294.6318 178.01015 580.69257 24 8
-313.37848 186.6521 609.107 24 8
-332.35376 195.0258 637.49994 24 8
-351.0798 203.40944 666.1345 24 8
-370.26508 211.3885 694.60657 24 8
-389.4601 219.223 723.09485 24 8
-408.88614 226.7865 751.4692 24 8
-428.00143 234.37695 780.1949 24 8
-447.39575 241.66518 808.52423 24 8
-467.0072 248.68675 837.19855 24 8
-486.74725 255.48932 865.93823 24 8
-506.25134 262.26086 894.42645 24 8
-526.1478 268.67194 923.078 24 8
-546.0763 274.9089 951.6565 24 8
-565.78613 281.09348 980.58105 24 8
-586.0181 286.85507 1009.1674 24 8
-606.15936 292.497 1037.7054 24 8
-626.2909 297.97565 1066.4678 24 8
-646.5911 303.2038 1095.343 24 8
-666.8217 308.29193 1124.1307 24 8
-687.1276 313.16943 1152.9382 24 8
-707.67316 317.76096 1181.9888 24 8
-728.1417 322.20825 1210.8306 24 8
-748.66724 326.44846 1239.6991 24 8
-769.3794 330.42398 1268.8197 24 8
-98.60203 99.55026 -12.124152 25 8
-113.27362 114.02944 -28.862696 25 8
-127.74569 128.71599 -45.19778 25 8
-141.84221 143.78383 -62.06637 25 8
-155.82874 158.96115 -78.79421 25 8
-169.75706 174.18932 -95.44536 25 8
-183.41716 189.67836 -111.966 25 8
-196.66609 205.57526 -128.87183 25 8
-209.72968 221.64389 -145.22607 25 8
-222.87643 237.59352 -161.86125 25 8
-235.66164 253.88965 -178.48613 25 8
-248.29825 270.30127 -195.30936 25 8
-260.60712 287.01917 -211.99706 25 8
-272.62195 304.0059 -228.92928 25 8
-284.7092 320.8471 -245.55608 25 8
-296.28592 338.19193 -262.2228 25 8
-307.99722 355.30298 -279.0492 25 8
-319.1591 372.9602 -295.63666 25 8
-330.12512 390.75464 -312.49213 25 8
-340.95395 408.61017 -329.3276 25 8
-351.65915 426.50156 -346.3411 25 8
-361.91177 444.8234 -362.9463 25 8
-372.2092 462.9619 -379.99792 25 8
-382.00772 481.5845 -397.0467 25 8
-391.588 500.34042 -413.79004 25 8
-400.88498 519.3078 -430.8393 25 8
-410.14102 538.1658 -447.57266 25 8
-418.9916 557.3832 -464.5528 25 8
-427.62497 576.70953 -481.64847 25 8
-436.09708 596.0612 -498.78717 25 8
-444.1439 615.79364 -515.86633 25 8
-452.1154 635.4191 -532.9667 25 8
-459.75684 655.28455 -550.2457 25 8
-467.07468 675.3791 -567.3422 25 8
-474.12277 695.62164 -584.55383 25 8
103.9359 38.54344 15.028777 26 9
122.70679 47.17 43.21978 26 9
141.42189 55.929596 71.27789 26 9
159.89352 64.898094 99.58946 26 9
178.42589 73.95384 127.54738 26 9
196.89297 83.1462 155.60768 26 9
215.02191 92.59193 183.80511 26 9
233.48064 102.00433 211.71953 26 9
251.82854 111.57004 239.88515 26 9
270.0351 121.303085 267.91434 26 9
287.97787 131.26003 296.1248 26 9
305.97308 141.29767 324.2369 26 9
323.99478 151.42534 352.38687 26 9
341.85333 161.73035 380.4718 26 9
359.69794 172.14221 408.79584 26 9
377.59488 182.6272 436.6817 26 9
395.31155 193.29639 464.9757 26 9
412.78 204.18451 493.29007 26 9
430.17477 215.2063 521.3296 26 9
447.67773 226.26912 549.577 26 9
465.11075 237.46031 577.6643 26 9
482.40036 248.81693 605.963 26 9
499.64282 260.28915 634.00073 26 9
516.6943 271.95145 662.6065 26 9
533.7213 283.71634 690.5001 26 9
550.7685 295.5582 719.0475 26 9
567.8887 307.4462 747.2166 26 9
584.5516 319.66718 775.3096 26 9
601.2474 331.9556 803.8768 26 9
617.80743 344.4028 831.94403 26 9
634.3031 356.96878 860.4759 26 9
650.8579 369.5822 888.78894 26 9
667.11993 382.4418 917.0956 26 9
683.62396 395.24072 945.4982 26 9
699.801 408.30493 973.9253 26 9
-143.33371 8.554201 -278.48956 27 9
-164.45335 8.514627 -297.07507 27 9
-185.20045 7.5323534 -315.9886 27 9
-206.19879 5.5636044 -334.8196 27 9
-226.83759 2.6137786 -353.49677 27 9
-247.75252 -1.3420851 -372.6239 27 9
-268.71042 -6.3037066 -391.75366 27 9
-289.2109 -12.2954445 -411.01944 27 9
-310.00742 -19.300087 -430.10687 27 9
-330.22308 -27.372322 -449.7968 27 9
-350.3144 -36.497665 -469.73032 27 9
-370.15042 -46.693974 -489.66415 27 9
-389.72757 -57.968025 -509.77362 27 9
-408.7391 -70.37516 -530.10126 27 9
-427.43118 -83.88722 -550.83057 27 9
-445.66528 -98.53279 -571.68835 27 9
-463.28552 -114.35325 -592.746 27 9
-480.40668 -131.32652 -614.36487 27 9
-496.81235 -149.51125 -636.2459 27 9
-512.5468 -168.89667 -658.4894 27 9
-527.34436 -189.5695 -681.05444 27 9
-541.5383 -211.40459 -704.41174 27 9
-554.31757 -234.70615 -728.2683 27 9
-566.27606 -259.22873 -752.5133 27 9
-576.839 -285.20407 -777.8673 27 9
-586.20013 -312.51614 -803.5761 27 9
-593.80023 -341.4223 -830.26715 27 9
-599.9039 -371.72723 -857.8376 27 9
-603.6301 -403.9025 -886.64197 27 9
-605.42694 -437.5693 -916.85913 27 9
-604.306 -473.27478 -948.5584 27 9
-600.3917 -510.71576 -982.68494 27 9
-592.7219 -550.32434 -1018.8007 27 9
-580.15375 -592.61694 -1058.0443 27 9
-561.5209 -637.8326 -1101.8179 27 9
0.77181405 116.00437 -311.23056 28 9
3.744271 136.46713 -334.7614 28 9
6.8426647 156.64668 -358.70288 28 9
10.045446 177.12085 -382.13852 28 9
13.370408 197.4561 -405.85138 28 9
16.807968 217.82872 -429.40665 28 9
20.368887 238.09593 -453.05484 28 9
24.042953 258.3891 -476.69748 28 9
27.825895 278.74008 -500.40152 28 9
31.754316 298.79 -524.2025 28 9
35.785946 318.96002 -547.55646 28 9
39.930725 339.14313 -571.349 28 9
44.192493 359.30255 -595.00824 28 9
48.58056 379.36484 -618.77026 28 9
53.05639 399.62744 -642.6176 28 9
57.661427 419.76505 -666.06757 28 9
62.399063 439.76294 -689.7709 28 9
67.212906 460.0164 -713.47784 28 9
72.20139 479.8465 -737.06757 28 9
77.28003 499.8314 -760.761 28 9
82.4634 519.86414 -784.6685 28 9
87.79003 539.7016 -808.0165 28 9
93.21727 559.6111 -831.91974 28 9
98.75524 579.5255 -855.57465 28 9
104.37736 599.5946 -879.5267 28 9
110.155266 619.4034 -903.26215 28 9
116.056076 639.1464 -926.8861 28 9
122.034004 659.0723 -950.61786 28 9
128.1827 678.67206 -974.40424 28 9
134.38048 698.59393 -998.0083 28 9
140.75015 718.1912 -1021.9159 28 9
147.23676 737.75433 -1045.6904 28 9
153.81415 757.4113 -1069.4181 28 9
160.51738 776.9853 -1093.1947 28 9
167.2956 796.7202 -1116.9708 28 9
113.96863 -25.780472 -194.54437 29 9
134.33525 -28.546736 -199.76955 29 9
154.85661 -31.474318 -204.92914 29 9
175.22238 -34.627556 -209.85417 29 9
195.5999 -37.97124 -215.17178 29 9
215.74054 -41.553066 -220.17133 29 9
236.07137 -45.29021 -225.42479 29 9
256.23456 -49.251305 -230.4304 29 9
276.5488 -53.374737 -235.64012 29 9
296.83804 -57.693665 -240.9608 29 9
317.0152 -62.224594 -245.89113 29 9
337.00406 -66.98269 -251.15443 29 9
357.1875 -71.89162 -256.28973 29 9
377.03943 -77.056526 -261.63293 29 9
397.13388 -82.36058 -266.551 29 9
416.96948 -87.90632 -271.78952 29 9
436.8814 -93.62371 -276.9028 29 9
456.82886 -99.51994 -282.1544 29 9
476.45816 -105.67205 -287.31635 29 9
496.42584 -111.93464 -292.4398 29 9
516.0832 -118.45158 -297.58105 29 9
535.77045 -125.146034 -302.88748 29 9
555.31573 -132.05743 -308.0531 29 9
574.9341 -139.13435 -313.2227 29 9
594.2637 -146.46382 -318.43015 29 9
613.7968 -153.92491 -323.6822 29 9
633.1117 -161.62135 -328.59113 29 9
652.4781 -169.48468 -333.93713 29 9
671.5991 -177.59131 -339.18793 29 9
690.91077 -185.82599 -344.58698 29 9
710.1454 -194.25786 -349.6392 29 9
729.1947 -202.91669 -354.76846 29 9
747.8507 -211.86246 -359.99228 29 9
766.86304 -220.88345 -365.31644 29 9
785.63916 -230.14638 -370.65988 29 9
16.920092 112.76572 -492.63837 30 9
23.345863 132.54573 -544.9701 30 9
30.156067 152.0833 -597.4966 30 9
37.34462 171.44014 -650.02454 30 9
44.945942 190.47627 -702.57166 30 9
52.844776 209.67833 -755.1326 30 9
61.079414 228.84106 -807.89435 30 9
69.7553 247.56741 -860.7488 30 9
78.83861 266.00635 -913.39514 30 9
88.118416 284.84952 -966.22003 30 9
97.800446 303.38123 -1019.0539 30 9
107.91541 321.52042 -1072.0973 30 9
118.36414 339.56903 -1125.1141 30 9
129.20363 357.35263 -1178.3458 30 9
140.34761 375.103 -1231.483 30 9
151.79832 392.7917 -1284.6366 30 9
163.64458 410.1763 -1338.0673 30 9
175.83498 427.38385 -1391.6141 30 9
188.40831 444.3129 -1445.1825 30 9
201.24513 461.23523 -1499.282 30 9
214.58464 477.59323 -1553.1194 30 9
228.2324 493.8281 -1606.9717 30 9
242.17744 509.9469 -1661.195 30 9
256.41647 525.9393 -1715.5016 30 9
271.11752 541.45276 -1769.8416 30 9
286.05807 556.9303 -1824.6931 30 9
301.35757 572.121 -1879.3229 30 9
316.95828 587.1255 -1934.2455 30 9
332.98395 601.70624 -1989.4072 30 9
349.4181 615.8948 -2044.7827 30 9
366.01517 630.11346 -2099.9795 30 9
383.01636 643.9262 -2155.836 30 9
400.4043 657.3607 -2211.8296 30 9
417.95508 670.7727 -2267.874 30 9
435.91443 683.7486 -2324.294 30 9
-83.71408 116.35358 38.731567 31 10
-95.54576 133.36015 45.891754 31 10
-107.98357 149.8617 53.164574 31 10
-120.72002 166.26898 59.998207 31 10
-133.96646 182.2713 67.221725 31 10
-147.7733 197.78761 74.44089 31 10
-161.9238 213.09442 81.66115 31 10
-176.50525 228.05594 88.91641 31 10
-191.4556 242.73387 96.07988 31 10
-206.9198 256.92694 103.40909 31 10
-222.78342 270.76428 110.67678 31 10
-239.25522 283.97937 118.00434 31 10
-255.80014 297.1923 125.072845 31 10
-272.96045 309.74347 132.43266 31 10
-290.48495 321.911 139.9161 31 10
-308.3768 333.6712 147.07828 31 10
-326.62088 345.0203 154.52177 31 10
-345.21622 355.93872 161.99818 31 10
-364.21725 366.35126 169.29022 31 10
-383.78543 376.08356 176.97922 31 10
-403.42218 385.60788 184.53952 31 10
-423.68027 394.36884 191.81868 31 10
-444.25034 402.6468 199.79982 31 10
-464.9665 410.56552 207.39328 31 10
-486.07962 417.87506 214.97072 31 10
-507.70456 424.46298 222.71849 31 10
-529.40344 430.6768 230.64874 31 10
-551.77576 436.00372 238.39474 31 10
-574.2211 440.90677 246.50822 31 10
-596.8786 445.24356 254.29161 31 10
-620.1406 448.70044 262.4995 31 10
-643.53735 451.6035 270.5633 31 10
-666.993 453.96927 278.5887 31 10
-690.8541 455.52936 286.86905 31 10
-715.078 456.29297 295.2576 31 10
-138.28403 56.60701 -214.96718 32 10
-156.77892 65.475685 -248.13725 32 10
-175.32062 74.398796 -280.7524 32 10
-193.80502 83.41899 -313.62122 32 10
-212.32016 92.49784 -346.41296 32 10
-230.82516 101.6519 -379.3586 32 10
-249.11949 110.96976 -412.4225 32 10
-267.35748 120.38399 -445.11118 32 10
-285.7773 129.78625 -477.97046 32 10
-304.0478 139.32515 -511.05402 32 10
-322.34497 148.92032 -543.72235 32 10
-340.40878 158.69183 -576.6477 32 10
-358.54398 168.49838 -609.667 32 10
-376.60474 178.40733 -642.3287 32 10
-394.63126 188.39958 -675.4535 32 10
-412.60223 198.4849 -708.22815 32 10
-430.57037 208.63751 -741.0895 32 10
-448.39493 218.92537 -773.97943 32 10
-466.23984 229.26859 -806.686 32 10
-484.27112 239.58391 -839.68335 32 10
-501.84366 250.19025 -872.4297 32 10
-519.50073 260.8188 -905.4792 32 10
-537.0851 271.54733 -938.39905 32 10
-554.8472 282.24835 -971.4543 32 10
-572.35126 293.14246 -1004.276 32 10
-589.82104 304.116 -1037.3219 32 10
-607.26373 315.1649 -1070.2546 32 10
-624.7471 326.25308 -1103.3591 32 10
-642.0045 337.51944 -1136.181 32 10
-659.2744 348.8394 -1169.0669 32 10
-676.62286 360.1767 -1202.2998 32 10
-693.63074 371.75427 -1235.1233 32 10
-710.94885 383.22388 -1267.9987 32 10
-728.07404 394.85446 -1301.0616 32 10
-745.0015 406.64966 -1334.0394 32 10
109.38081 -22.664927 -130.57127 33 10
130.00914 -24.342506 -149.99387 33 10
150.82832 -25.35987 -169.79166 33 10
171.58337 -25.754759 -189.46098 33 10
192.52963 -25.479923 -209.03615 33 10
213.3909 -24.56832 -229.11572 33 10
234.24619 -22.99992 -249.00488 33 10
254.96106 -20.778498 -268.77618 33 10
275.9723 -17.862816 -288.88626 33 10
296.761 -14.287687 -308.70874 33 10
317.69672 -10.026327 -328.9144 33 10
338.2726 -5.090597 -349.0357 33 10
358.9826 0.53869873 -369.61432 33 10
379.61136 6.859859 -389.79166 33 10
399.98956 13.882824 -410.3081 33 10
420.2131 21.614134 -430.8379 33 10
440.32172 30.056692 -451.71347 33 10
460.63132 39.186092 -472.6031 33 10
480.26083 49.07746 -493.64752 33 10
499.92264 59.674778 -514.64545 33 10
519.5115 70.98351 -536.0191 33 10
538.5466 83.07282 -557.43555 33 10
557.39185 95.89906 -578.85077 33 10
575.9502 109.4789 -600.8146 33 10
594.1377 123.83158 -622.6482 33 10
612.1529 138.91672 -645.0125 33 10
629.4715 154.85487 -667.453 33 10
646.81714 171.4737 -690.0172 33 10
663.5046 188.94377 -713.0344 33 10
679.6917 207.2302 -736.16705 33 10
695.4957 226.29628 -759.4279 33 10
710.4447 246.29683 -783.29333 33 10
725.21716 267.00027 -807.428 33 10
739.40894 288.53503 -831.78876 33 10
752.5181 311.1014 -856.52966 33 10
-65.44916 125.04311 -107.06548 34 10
-73.2193 143.93651 -122.931244 34 10
-80.88134 163.1867 -138.86273 34 10
-88.734375 182.20416 -154.68742 34 10
-96.6981 201.14482 -170.5552 34 10
-104.67539 220.21135 -186.39496 34 10
-112.80404 239.11534 -202.20636 34 10
-121.02706 257.97482 -218.06616 34 10
-129.3795 276.71426 -234.04108 34 10
-137.60703 295.87866 -249.84763 34 10
-146.20822 314.39752 -265.433 34 10
-154.73 333.2434 -281.48242 34 10
-163.38477 351.95895 -297.28503 34 10
-172.16313 370.56375 -313.20273 34 10
-181.05583 389.0773 -329.2727 34 10
-189.88824 407.8742 -345.05273 34 10
-198.87071 426.50134 -360.70844 34 10
-208.04977 444.8594 -376.73358 34 10
-217.21452 463.3991 -392.57956 34 10
-226.59097 481.6375 -408.51926 34 10
-236.0094 499.9362 -424.52313 34 10
-245.40128 518.4383 -440.17252 34 10
-255.00145 536.64636 -456.23724 34 10
-264.58124 555.04205 -472.2386 34 10
-274.37173 573.1395 -487.93442 34 10
-284.2959 591.10126 -503.7936 34 10
-294.094 609.46606 -519.8621 34 10
-304.10587 627.5266 -535.60236 34 10
-314.28665 645.3778 -551.51904 34 10
-324.40253 663.4993 -567.4969 34 10
-334.78357 681.2145 -583.3857 34 10
-345.0905 699.21497 -599.2768 34 10
-355.51282 717.1136 -615.21655 34 10
-366.1412 734.72845 -631.1622 34 10
-376.76236 752.48834 -647.0114 34 10
-95.69826 -103.28812 89.20404 35 10
-108.09505 -119.724785 104.515076 35 10
-120.67602 -135.98466 119.377365 35 10
-133.01588 -152.54959 134.50949 35 10
-145.77748 -168.665 149.37617 35 10
-158.4217 -184.94792 164.64336 35 10
-171.19116 -201.1182 179.60966 35 10
-184.01309 -217.25995 194.84065 35 10
-196.99695 -233.24333 209.7697 35 10
-210.10997 -249.10583 224.82823 35 10
-223.03056 -265.22858 240.0149 35 10
-236.46915 -280.76782 255.17067 35 10
-249.73112 -296.5477 270.32272 35 10
-262.841 -312.53848 285.3007 35 10
-276.4202 -328.0018 300.4289 35 10
-290.04956 -343.435 315.36264 35 10
-303.64993 -358.93112 330.50455 35 10
-317.17938 -374.53842 345.6775 35 10
-331.0563 -389.76254 360.66602 35 10
-344.89365 -405.05972 375.73734 35 10
-358.84128 -420.25272 390.77277 35 10
-372.76453 -435.4987 405.91125 35 10
-386.7987 -450.63834 421.04233 35 10
-401.04932 -465.54898 436.16953 35 10
-415.15805 -480.64627 450.9862 35 10
-429.47028 -495.52866 466.30765 35 10
-443.88803 -510.3097 481.53116 35 10
-458.27304 -525.1476 496.56644 35 10
-472.86716 -539.76434 511.67444 35 10
-487.49506 -554.36035 526.94904 35 10
-502.16992 -568.9197 541.9113 35 10
-516.8257 -583.51587 556.9423 35 10
-531.7575 -597.81525 572.105 35 10
-546.6699 -612.1508 587.32587 35 10
-561.5655 -626.5179 602.5188 35 10
140.92422 46.818817 -138.0581 36 11
160.7075 53.14127 -139.5292 36 11
180.27992 59.291916 -141.30779 36 11
200.23376 65.073586 -142.90216 36 11
219.94373 70.688255 -144.57019 36 11
240.09091 75.91387 -146.01491 36 11
260.14703 80.91799 -147.71939 36 11
280.13092 85.690094 -149.37375 36 11
300.2825 90.15344 -151.11086 36 11
320.87787 94.226295 -152.55981 36 11
340.94308 98.193794 -154.21358 36 11
361.32593 101.80387 -155.98276 36 11
381.94534 105.081474 -157.66995 36 11
402.25266 108.17531 -158.95264 36 11
422.98993 110.88146 -160.71176 36 11
443.57574 113.35375 -162.21902 36 11
464.36777 115.49704 -164.06201 36 11
484.98682 117.4041 -165.59544 36 11
506.03796 118.926155 -167.29799 36 11
526.79877 120.233925 -168.9403 36 11
547.8034 121.20032 -170.59624 36 11
568.9523 121.84886 -172.10112 36 11
589.7122 122.29037 -173.7461 36 11
610.6675 122.39691 -175.47029 36 11
631.7246 122.18798 -177.13179 36 11
653.01965 121.63782 -178.74942 36 11
673.77325 120.88864 -180.54605 36 11
695.2026 119.71695 -181.95996 36 11
716.29224 118.30236 -183.53407 36 11
737.5343 116.557625 -185.21892 36 11
758.6181 114.53065 -187.05249 36 11
779.7338 112.188545 -188.7716 36 11
800.94995 109.52057 -190.43878 36 11
822.1471 106.54234 -191.93115 36 11
843.5158 103.228195 -193.80322 36 11
-1.685357 -133.41287 -220.41327 37 11
-6.7452755 -153.37929 -234.88951 37 11
-12.396739 -173.43573 -249.29309 37 11
-18.653913 -193.2395 -263.69446 37 11
-25.508886 -212.90935 -278.14398 37 11
-32.98367 -232.26263 -292.71063 37 11
-41.02473 -251.66808 -307.09842 37 11
-49.688816 -270.7189 -321.7805 37 11
-58.938293 -289.62988 -336.41068 37 11
-68.775566 -308.35355 -350.8101 37 11
-79.22923 -326.7451 -365.7865 37 11
-90.27916 -344.88376 -380.57007 37 11
-101.87594 -362.92673 -395.22583 37 11
-114.20629 -380.19962 -410.04028 37 11
-126.973885 -397.6991 -425.20758 37 11
-140.38292 -414.7127 -440.056 37 11
-154.45969 -431.17435 -455.04602 37 11
-168.99063 -447.66342 -470.59668 37 11
-184.18388 -463.57904 -485.72577 37 11
-199.94046 -479.16632 -501.1389 37 11
-216.36874 -494.14764 -516.5577 37 11
-233.21005 -509.0917 -532.08936 37 11
-250.87036 -523.07794 -547.66833 37 11
-269.0488 -536.7482 -563.47156 37 11
-287.66177 -550.2193 -579.41315 37 11
-307.03232 -562.83795 -595.6995 37 11
-326.87823 -575.11475 -611.59674 37 11
-347.43274 -586.60547 -628.1692 37 11
-368.3417 -597.8822 -644.52655 37 11
-390.08282 -608.12714 -661.37964 37 11
-412.33994 -617.8302 -678.10767 37 11
-435.10638 -626.95685 -695.0356 37 11
-458.48312 -635.32153 -712.48047 37 11
-482.47412 -642.8885 -729.7645 37 11
-506.88492 -649.87463 -747.4773 37 11
73.03405 119.792 51.65013 38 11
82.66447 137.89005 79.40431 38 11
92.38156 156.08852 106.984245 38 11
102.18832 174.38628 134.80434 38 11
112.387115 192.26471 162.41756 38 11
122.8317 209.96808 190.14667 38 11
133.38382 227.73003 217.94551 38 11
144.12854 245.40154 245.5152 38 11
155.16415 262.81232 273.33197 38 11
166.36101 280.1797 301.0482 38 11
177.78639 297.38657 329.05707 38 11
189.39325 314.50873 356.64792 38 11
201.17659 331.5503 384.3785 38 11
213.16525 348.4598 412.51718 38 11
225.40372 365.16196 440.23386 38 11
237.88496 381.66693 468.2013 38 11
250.45271 398.22195 495.98358 38 11
263.21112 414.6545 523.8201 38 11
276.26013 430.80508 551.73126 38 11
289.37805 447.017 579.77704 38 11
302.84933 462.84625 607.64886 38 11
316.35556 478.7786 635.87787 38 11
330.32156 494.16733 663.8067 38 11
344.27563 509.72028 691.8231 38 11
358.41614 525.13385 719.7417 38 11
372.8246 540.28625 748.0557 38 11
387.3333 555.41815 776.3926 38 11
402.03598 570.3893 804.35767 38 11
417.17358 584.85846 832.5172 38 11
432.23904 599.5372 860.7466 38 11
447.5009 614.04175 888.97 38 11
463.13226 628.13434 917.3874 38 11
478.81146 642.2515 945.4978 38 11
494.59348 656.31085 974.19476 38 11
510.66095 670.06573 1002.4737 38 11
9.154561 -134.49042 -88.25869 39 11
8.564063 -155.22058 -82.22848 39 11
8.138829 -175.58623 -76.174545 39 11
7.842883 -196.28468 -69.947044 39 11
7.697806 -216.87312 -64.20904 39 11
7.6955137 -237.55582 -58.040302 39 11
7.845098 -258.0552 -51.897488 39 11
8.141122 -278.52966 -45.819893 39 11
8.579748 -299.12094 -39.70881 39 11
9.159436 -319.8919 -33.55426 39 11
9.89168 -340.44116 -27.682112 39 11
10.765845 -361.1374 -21.491266 39 11
11.785799 -381.84308 -15.276507 39 11
12.956056 -402.41556 -9.232353 39 11
14.276145 -422.8858 -3.3876803 39 11
15.738236 -443.4904 2.8611715 39 11
17.348518 -464.04526 8.873932 39 11
19.098444 -484.77478 14.879552 39 11
21.003525 -505.27875 21.208666 39 11
23.055565 -525.77747 26.983444 39 11
25.262882 -546.0917 33.283024 39 11
27.597458 -566.82446 39.221554 39 11
30.087162 -587.3696 45.304718 39 11
32.714855 -608.07104 51.49254 39 11
35.512318 -628.3428 57.588467 39 11
38.43757 -648.9511 63.64472 39 11
41.518612 -669.3983 69.88767 39 11
44.73343 -690.04333 75.80629 39 11
48.117474 -710.33575 82.099976 39 11
51.638794 -730.76953 88.12165 39 11
55.30744 -751.18964 94.282715 39 11
59.123646 -771.59265 100.221504 39 11
63.085773 -791.9991 106.56552 39 11
67.18863 -812.46936 112.61182 39 11
71.44552 -832.83936 118.86201 39 11
145.91797 31.629335 -71.31177 40 11
165.11449 39.127804 -62.58208 40 11
184.31062 47.214317 -53.986923 40 11
203.16766 55.962795 -45.03526 40 11
221.81097 65.33523 -36.45442 40 11
240.09941 75.3662 -27.446253 40 11
258.24554 85.982 -18.748693 40 11
276.0971 97.21954 -9.943696 40 11
293.50015 109.12667 -0.9055084 40 11
310.45 121.70332 7.9887395 40 11
327.4436 134.74197 16.888893 40 11
343.94553 148.43898 25.987278 40 11
359.8419 162.84164 34.93753 40 11
375.66986 177.69691 44.03637 40 11
390.62292 193.36916 53.220497 40 11
405.4651 209.47868 62.31742 40 11
419.7175 226.2465 71.74945 40 11
433.51425 243.58946 81.0506 40 11
446.59305 261.64178 90.468025 40 11
459.2745 280.2045 100.0576 40 11
471.43982 299.3235 109.35527 40 11
482.91617 319.0885 119.03704 40 11
493.96503 339.30542 128.87418 40 11
504.2296 360.18976 138.69252 40 11
513.7235 381.71698 148.58113 40 11
522.6713 403.69397 158.68439 40 11
530.9995 426.13492 168.41995 40 11
538.28735 449.34607 178.63164 40 11
544.81647 473.07263 189.19952 40 11
550.4588 497.38516 199.63734 40 11
555.3425 522.12354 210.36108 40 11
559.45575 547.2357 220.99924 40 11
562.122 573.3365 232.1403 40 11
564.07355 599.64575 243.08858 40 11
565.05444 626.337 254.46268 40 11
-142.06966 -47.260605 -184.86224 41 12
-161.2815 -53.91234 -183.6343 41 12
-181.10072 -60.27799 -182.3653 41 12
-200.75641 -66.61457 -181.18402 41 12
-220.28136 -72.910576 -179.81328 41 12
-239.97029 -79.06791 -178.42503 41 12
-259.50815 -85.190315 -177.13844 41 12
-279.16537 -91.18833 -175.95529 41 12
-299.08072 -97.017105 -174.58989 41 12
-318.64957 -102.87282 -173.26758 41 12
-338.44916 -108.5679 -172.24786 41 12
-358.22696 -114.18378 -170.8181 41 12
-378.26266 -119.63141 -169.57825 41 12
-398.16855 -125.03386 -168.2473 41 12
-418.05405 -130.35573 -167.08533 41 12
-437.99396 -135.57326 -165.75742 41 12
-458.0292 -140.67387 -164.5387 41 12
-478.03955 -145.69446 -163.08769 41 12
-498.13007 -150.60262 -161.86037 41 12
-518.07574 -155.46605 -160.39766 41 12
-538.1699 -160.19594 -159.29477 41 12
-558.3712 -164.80518 -158.01582 41 12
-578.24615 -169.42107 -156.84286 41 12
-598.3831 -173.86993 -155.3217 41 12
-618.68274 -178.1819 -154.22202 41 12
-638.93176 -182.41862 -153.06715 41 12
-659.00946 -186.61351 -151.57716 41 12
-679.2015 -190.68475 -150.38678 41 12
-699.7821 -194.5565 -149.1285 41 12
-719.99603 -198.43944 -147.74611 41 12
-740.28314 -202.21028 -146.40024 41 12
-760.625 -205.87416 -145.18565 41 12
-781.0242 -209.43042 -143.87865 41 12
-801.392 -212.90263 -142.78477 41 12
-821.6354 -216.31473 -141.34328 41 12
90.73843 -95.016914 292.8064 42 12
104.184525 -110.774254 365.12503 42 12
117.372635 -126.75503 437.67072 42 12
130.188 -143.05643 510.4739 42 12
142.33795 -159.98242 583.17084 42 12
154.22432 -177.06708 656.26154 42 12
165.5068 -194.67451 729.35785 42 12
176.3549 -212.59038 802.6226 42 12
186.6499 -230.93553 876.0234 42 12
196.50075 -249.55504 949.7532 42 12
205.73541 -268.64438 1024.0894 42 12
214.53864 -287.94263 1098.0569 42 12
222.73088 -307.66245 1172.6548 42 12
230.45328 -327.58624 1247.6317 42 12
237.60565 -347.82404 1322.8342 42 12
244.07326 -368.52206 1398.306 42 12
250.0997 -389.2876 1474.4467 42 12
255.50432 -410.35934 1550.6996 42 12
260.16785 -431.90634 1627.2454 42 12
264.28244 -453.58667 1704.2498 42 12
267.7881 -475.45865 1781.865 42 12
270.60098 -497.63333 1860.1354 42 12
272.76877 -519.9879 1938.6213 42 12
274.24896 -542.5597 2017.5475 42 12
275.02203 -565.3448 2097.56 42 12
275.12778 -588.2122 2177.8127 42 12
274.38278 -611.5064 2258.8137 42 12
273.06006 -634.5711 2340.5967 42 12
88.34606 96.13369 -381.62796 43 12
102.615036 110.992676 -409.22424 43 12
116.80128 125.93031 -437.66623 43 12
130.87662 140.97624 -465.32355 43 12
144.91623 156.04834 -493.20303 43 12
158.82712 171.24529 -520.95374 43 12
172.54347 186.63695 -548.9798 43 12
186.12277 202.1604 -576.8547 43 12
199.69348 217.67476 -604.79065 43 12
213.0658 233.385 -632.66626 43 12
226.39532 249.11992 -660.7348 43 12
239.66795 264.89258 -688.60254 43 12
252.66623 280.94226 -716.53827 43 12
265.69263 296.93237 -744.5425 43 12
278.37802 313.27383 -772.4391 43 12
291.24698 329.37628 -800.47375 43 12
303.85318 345.74017 -828.318 43 12
316.284 362.26703 -856.3679 43 12
328.60748 378.8782 -884.2555 43 12
340.892 395.4927 -912.2229 43 12
353.0002 412.26764 -940.3892 43 12
364.8193 429.3356 -968.4597 43 12
376.7918 446.17505 -996.48816 43 12
388.44107 463.34628 -1024.4543 43 12
400.09808 480.4553 -1052.4695 43 12
411.5547 497.749 -1080.465 43 12
422.94952 515.059 -1108.7031 43 12
434.24988 532.4224 -1136.9224 43 12
445.22723 550.1191 -1164.9512 43 12
456.21857 567.73346 -1193.0762 43 12
467.19522 585.2961 -1221.3125 43 12
477.7126 603.3638 -1249.3499 43 12
488.439 621.09406 -1277.4796 43 12
498.74866 639.2778 -1305.6444 43 12
509.15848 657.25415 -1334.0658 43 12
-90.31801 -114.717674 -341.7491 44 12
-102.498245 -131.35059 -363.5615 44 12
-114.7353 -147.98236 -385.65262 44 12
-127.40341 -164.12897 -407.66882 44 12
-139.9521 -180.49823 -429.82596 44 12
-152.59853 -196.80888 -451.51932 44 12
-165.6675 -212.64143 -473.39426 44 12
-178.52628 -228.80893 -495.56863 44 12
-191.50577 -244.88326 -517.63776 44 12
-204.73645 -260.6967 -539.4415 44 12
-218.15709 -276.32748 -561.60657 44 12
-231.68425 -291.8807 -583.48175 44 12
-245.10225 -307.6254 -605.62494 44 12
-258.80475 -323.06445 -627.5104 44 12
-272.57712 -338.46606 -649.55304 44 12
-286.68448 -353.50095 -671.70746 44 12
-300.83188 -368.53397 -693.55304 44 12
-314.8238 -383.80032 -715.70953 44 12
-329.2433 -398.58652 -737.75397 44 12
-343.73676 -413.3237 -759.7616 44 12
-358.1322 -428.21518 -781.8158 44 12
-372.8057 -442.80792 -803.9179 44 12
-387.63623 -457.24713 -825.8897 44 12
-402.39554 -471.80005 -848.1755 44 12
-417.54715 -485.9212 -870.36346 44 12
-432.66977 -500.10306 -892.31976 44 12
-447.84146 -514.25116 -914.5785 44 12
-463.07846 -528.3441 -936.5049 44 12
-478.59448 -542.13745 -958.78766 44 12
-494.21698 -555.8278 -980.78815 44 12
-509.75693 -569.62494 -1003.32135 44 12
-525.64496 -583.0451 -1025.1799 44 12
-541.4405 -596.57794 -1047.494 44 12
-557.50916 -609.8174 -1069.7303 44 12
-573.6693 -622.9632 -1091.9689 44 12
126.09446 -21.780869 -229.8643 45 12
146.51015 -24.411936 -235.03944 45 12
166.92427 -26.917364 -240.38615 45 12
187.38428 -29.289265 -245.79494 45 12
207.91165 -31.52461 -251.32356 45 12
228.32265 -33.650932 -256.61404 45 12
248.95547 -35.617947 -261.9195 45 12
269.50052 -37.471058 -267.1294 45 12
290.03156 -39.198853 -272.7708 45 12
310.48148 -40.80965 -277.85107 45 12
331.06216 -42.275143 -283.5551 45 12
351.6287 -43.614445 -288.68692 45 12
372.23642 -44.820427 -294.03732 45 12
392.7739 -45.90624 -299.38773 45 12
413.4532 -46.846813 -304.85336 45 12
434.0541 -47.66754 -310.19498 45 12
454.57144 -48.36789 -315.50043 45 12
475.44055 -48.90192 -320.8675 45 12
496.0201 -49.336792 -326.1384 45 12
516.61725 -49.639793 -331.8851 45 12
537.1501 -49.81844 -336.90366 45 12
557.9843 -49.8392 -342.72086 45 12
578.5313 -49.755486 -347.92337 45 12
599.3516 -49.517876 -353.37552 45 12
619.87164 -49.1744 -358.57736 45 12
640.6226 -48.681488 -364.0946 45 12
661.2323 -48.0683 -369.39905 45 12
681.8624 -47.32203 -374.7765 45 12
702.67615 -46.43194 -380.0354 45 12
723.38403 -45.417835 -385.63525 45 12
744.00775 -44.277225 -390.9516 45 12
764.7822 -42.99593 -396.31128 45 12
785.397 -41.59172 -401.8075 45 12
806.15625 -40.047787 -407.17838 45 12
826.87976 -38.37378 -412.5858 45 12
