x y z track_id event_id time_left time_right
22.606272719267025 11.470882462118105 264.4916971552726 0 4 0.1471470588235294 0.32344117647058823
24.77287271926702 12.373382462118105 273.2756971552726 0 4 0.1471470588235294 0.32344117647058823
58.63007271926702 28.173582462118105 413.08169715527265 0 4 0.1471470588235294 0.32344117647058823
60.31657271926703 29.051582462118105 420.18069715527264 0 4 0.1471470588235294 0.32344117647058823
96.64557271926702 50.36978246211811 578.8196971552727 0 4 0.1471470588235294 0.32344117647058823
131.42957271926701 75.5256824621181 740.6116971552726 0 4 0.1471470588235294 0.32344117647058823
208.82957271926702 153.0867824621181 1157.4116971552726 0 4 0.1471470588235294 0.32344117647058823
240.30257271926703 196.5797824621181 1361.1116971552726 0 4 0.1471470588235294 0.32344117647058823
276.75757271926705 259.7057824621181 1638.1116971552726 0 4 0.1471470588235294 0.32344117647058823
307.24557271926705 332.6917824621181 1944.1116971552726 0 4 0.1471470588235294 0.32344117647058823
333.54657271926703 416.2087824621181 2294.111697155273 0 4 0.1471470588235294 0.32344117647058823
357.670572719267 502.8577824621181 2688.111697155273 0 4 0.1471470588235294 0.32344117647058823
358.21457271926704 503.9637824621181 2691.111697155273 0 4 0.1471470588235294 0.32344117647058823
-39.56019957113697 -14.519119558463702 -121.30610190772057 1 11 0.5589117647058823 0.7352058823529413
-77.35959957113697 -28.717019558463704 -43.87080190772059 1 11 0.5589117647058823 0.7352058823529413
-117.75069957113698 -45.3364195584637 40.19919809227943 1 11 0.5589117647058823 0.7352058823529413
-119.53569957113697 -46.1142195584637 43.930198092279426 1 11 0.5589117647058823 0.7352058823529413
-168.55369957113697 -68.5655195584637 148.24419809227942 1 11 0.5589117647058823 0.7352058823529413
-247.01069957113697 -109.8753195584637 319.65719809227943 1 11 0.5589117647058823 0.7352058823529413
-329.59469957113697 -161.5193195584637 508.2571980922794 1 11 0.5589117647058823 0.7352058823529413
-443.451699571137 -248.6683195584637 785.2571980922794 1 11 0.5589117647058823 0.7352058823529413
-538.246699571137 -337.0183195584637 1036.3571980922793 1 11 0.5589117647058823 0.7352058823529413
-635.293699571137 -446.2323195584637 1318.3571980922793 1 11 0.5589117647058823 0.7352058823529413
-729.001699571137 -574.6783195584637 1623.3571980922793 1 11 0.5589117647058823 0.7352058823529413
-19.58620429219222 -44.99633283900867 -232.8852214677147 2 14 0.7353823529411765 0.9116764705882352
-24.645444292192224 -83.86673283900868 -257.7430214677147 2 14 0.7353823529411765 0.9116764705882352
-24.76524429219222 -85.58723283900868 -258.8400214677147 2 14 0.7353823529411765 0.9116764705882352
-23.825644292192223 -129.37473283900866 -287.0919214677147 2 14 0.7353823529411765 0.9116764705882352
-11.873378892192221 -185.18773283900867 -323.9923214677147 2 14 0.7353823529411765 0.9116764705882352
34.15485570780778 -269.00373283900865 -387.43532146771474 2 14 0.7353823529411765 0.9116764705882352
134.93695570780778 -345.31873283900865 -469.0353214677147 2 14 0.7353823529411765 0.9116764705882352
367.83995570780775 -338.50373283900865 -622.2353214677147 2 14 0.7353823529411765 0.9116764705882352
-32.26546834378968 -19.176808007527285 213.56025016598105 3 8 0.38244117647058823 0.5587352941176471
-61.55526834378968 -46.92220800752729 28.590250165981047 3 8 0.38244117647058823 0.5587352941176471
-104.59956834378968 -90.70930800752728 -252.06374983401895 3 8 0.38244117647058823 0.5587352941176471
-119.56146834378967 -106.73250800752729 -352.06374983401895 3 8 0.38244117647058823 0.5587352941176471
-192.37246834378968 -192.7445080075273 -865.563749834019 3 8 0.38244117647058823 0.5587352941176471
-192.30746834378968 -192.8185080075273 -868.563749834019 3 8 0.38244117647058823 0.5587352941176471
-229.13746834378966 -241.78550800752728 -1145.5637498340188 3 8 0.38244117647058823 0.5587352941176471
-266.7814683437897 -296.35550800752725 -1445.5637498340188 3 8 0.38244117647058823 0.5587352941176471
-267.9744683437897 -297.9815080075273 -1451.5637498340188 3 8 0.38244117647058823 0.5587352941176471
-308.98546834378965 -362.7215080075273 -1801.5637498340188 3 8 0.38244117647058823 0.5587352941176471
-353.56246834378965 -438.35050800752725 -2198.563749834019 3 8 0.38244117647058823 0.5587352941176471
-396.21546834378967 -514.9865080075273 -2598.563749834019 3 8 0.38244117647058823 0.5587352941176471
-16.121705035877255 15.588364057275669 -146.46740562155264 4 3 0.08832352941176472 0.2646176470588235
-25.304645035877257 53.198864057275664 -32.88680562155264 4 3 0.08832352941176472 0.2646176470588235
-25.432145035877255 53.67736405727566 -31.417805621552617 4 3 0.08832352941176472 0.2646176470588235
-25.950345035877255 55.47136405727567 -25.91680562155264 4 3 0.08832352941176472 0.2646176470588235
-39.40974503587726 94.89366405727566 96.79019437844738 4 3 0.08832352941176472 0.2646176470588235
-40.078145035877256 96.58166405727567 102.12719437844737 4 3 0.08832352941176472 0.2646176470588235
-113.79184503587726 221.42466405727566 530.6491943784474 4 3 0.08832352941176472 0.2646176470588235
-115.87184503587726 223.96566405727566 540.0491943784474 4 3 0.08832352941176472 0.2646176470588235
-225.75284503587724 322.8226640572757 978.9491943784474 4 3 0.08832352941176472 0.2646176470588235
-226.83984503587726 323.7776640572757 981.9491943784474 4 3 0.08832352941176472 0.2646176470588235
-307.8318450358773 367.5816640572757 1258.9491943784474 4 3 0.08832352941176472 0.2646176470588235
-398.9858450358773 399.6176640572757 1555.9491943784474 4 3 0.08832352941176472 0.2646176470588235
-503.1658450358772 420.3036640572757 1902.9491943784474 4 3 0.08832352941176472 0.2646176470588235
-701.9878450358773 439.6556640572757 2701.9491943784474 4 3 0.08832352941176472 0.2646176470588235
19.095359070485706 -5.0822402231279025 161.59805340514717 5 17 0.9118529411764706 1.0
56.81155907048571 -13.528260223127901 90.65865340514718 5 17 0.9118529411764706 1.0
101.80205907048571 -20.916560223127902 7.046653405147168 5 17 0.9118529411764706 1.0
156.68305907048568 -25.718560223127902 -93.81134659485281 5 17 0.9118529411764706 1.0
243.4530590704857 -24.445760223127902 -252.74234659485285 5 17 0.9118529411764706 1.0
350.32505907048574 -7.903660223127902 -451.0223465948528 5 17 0.9118529411764706 1.0
487.5850590704857 40.9514397768721 -719.3423465948529 5 17 0.9118529411764706 1.0
731.4580590704858 226.6990397768721 -1282.6423465948528 5 17 0.9118529411764706 1.0
-5.109220280378416 -8.44599157699842 -806.7054122717524 6 16 0.8530294117647059 1.0
-5.109620280378415 -8.51589157699842 -807.2054122717524 6 16 0.8530294117647059 1.0
-5.240320280378416 -8.66219157699842 -811.2054122717524 6 16 0.8530294117647059 1.0
-7.9148202803784145 -13.12879157699842 -906.7054122717524 6 16 0.8530294117647059 1.0
-7.937820280378414 -13.136091576998421 -907.2054122717524 6 16 0.8530294117647059 1.0
-8.048620280378415 -13.34059157699842 -911.2054122717524 6 16 0.8530294117647059 1.0
-11.206020280378414 -18.851791576998423 -1027.2054122717523 6 16 0.8530294117647059 1.0
-11.316820280378415 -19.05649157699842 -1031.2054122717523 6 16 0.8530294117647059 1.0
-14.966320280378415 -25.52269157699842 -1167.2054122717523 6 16 0.8530294117647059 1.0
-15.100720280378415 -25.70979157699842 -1171.2054122717523 6 16 0.8530294117647059 1.0
-18.586620280378412 -32.22519157699842 -1307.2054122717523 6 16 0.8530294117647059 1.0
-18.684720280378414 -32.419691576998424 -1311.2054122717523 6 16 0.8530294117647059 1.0
-23.560420280378416 -42.09849157699842 -1511.2054122717523 6 16 0.8530294117647059 1.0
-27.993320280378413 -52.011891576998416 -1711.2054122717523 6 16 0.8530294117647059 1.0
-16.71172682452484 34.89676110621985 -127.4872941287735 7 1 0.0 0.14697058823529413
-47.95312682452484 58.22676110621985 -27.81239412877349 7 1 0.0 0.14697058823529413
-81.94762682452483 86.73816110621985 85.34460587122652 7 1 0.0 0.14697058823529413
-122.78572682452486 125.83426110621986 228.98660587122652 7 1 0.0 0.14697058823529413
-181.50972682452485 193.03526110621982 455.6036058712265 7 1 0.0 0.14697058823529413
-239.04572682452485 277.5282611062198 715.4036058712265 7 1 0.0 0.14697058823529413
-291.65072682452484 384.8452611062198 1018.7036058712265 7 1 0.0 0.14697058823529413
-326.0577268245248 485.6342611062198 1289.7036058712265 7 1 0.0 0.14697058823529413
-326.1947268245248 486.52926110621985 1292.7036058712265 7 1 0.0 0.14697058823529413
-351.8147268245248 602.4822611062199 1592.7036058712265 7 1 0.0 0.14697058823529413
-370.38172682452483 740.9022611062198 1938.7036058712265 7 1 0.0 0.14697058823529413
-382.79872682452486 896.8782611062198 2349.7036058712265 7 1 0.0 0.14697058823529413
-19.424181488080787 -20.70673875998017 -301.54013963097407 8 7 0.3236176470588235 0.49991176470588233
-56.5686814880808 -35.34905875998017 -453.52913963097404 8 7 0.3236176470588235 0.49991176470588233
-97.63978148808079 -55.468658759980165 -628.733139630974 8 7 0.3236176470588235 0.49991176470588233
-133.1247814880808 -76.76315875998017 -787.233139630974 8 7 0.3236176470588235 0.49991176470588233
-214.32878148808078 -143.29895875998017 -1196.633139630974 8 7 0.3236176470588235 0.49991176470588233
-249.1797814880808 -181.80595875998017 -1400.7331396309742 8 7 0.3236176470588235 0.49991176470588233
-250.0407814880808 -182.65395875998016 -1403.7331396309742 8 7 0.3236176470588235 0.49991176470588233
-291.2657814880808 -239.81695875998017 -1680.7331396309742 8 7 0.3236176470588235 0.49991176470588233
-329.1487814880808 -308.5309587599802 -1989.7331396309742 8 7 0.3236176470588235 0.49991176470588233
-361.30878148808074 -389.9869587599802 -2336.733139630974 8 7 0.3236176470588235 0.49991176470588233
-386.6387814880808 -484.56095875998017 -2733.733139630974 8 7 0.3236176470588235 0.49991176470588233
-62.087889123232436 15.063541955986238 -595.2840892018692 9 13 0.6765588235294118 0.8528529411764705
-62.522589123232436 15.126461955986239 -599.7840892018692 9 13 0.6765588235294118 0.8528529411764705
-71.56768912323244 16.46167195598624 -695.2840892018692 9 13 0.6765588235294118 0.8528529411764705
-71.97488912323243 16.52157195598624 -699.7840892018692 9 13 0.6765588235294118 0.8528529411764705
-82.89858912323243 18.055571955986238 -815.2840892018692 9 13 0.6765588235294118 0.8528529411764705
-83.32458912323244 18.115171955986238 -819.7840892018692 9 13 0.6765588235294118 0.8528529411764705
-96.13768912323243 19.749471955986238 -955.2840892018692 9 13 0.6765588235294118 0.8528529411764705
-96.57138912323242 19.804271955986238 -959.7840892018692 9 13 0.6765588235294118 0.8528529411764705
-109.45868912323243 21.27037195598624 -1095.7840892018692 9 13 0.6765588235294118 0.8528529411764705
-109.82568912323242 21.29087195598624 -1099.7840892018692 9 13 0.6765588235294118 0.8528529411764705
-128.83168912323242 23.285871955986238 -1299.7840892018692 9 13 0.6765588235294118 0.8528529411764705
-147.74468912323243 25.06587195598624 -1499.7840892018692 9 13 0.6765588235294118 0.8528529411764705
-245.33168912323245 30.993571955986237 -2543.2840892018694 9 13 0.6765588235294118 0.8528529411764705
-282.5146891232324 32.35787195598624 -2943.2840892018694 9 13 0.6765588235294118 0.8528529411764705
27.786426832328353 -16.84684020822168 38.02379279823266 10 2 0.0295 0.20579411764705882
63.84802683232836 -32.69614020822168 -28.73330720176733 10 2 0.0295 0.20579411764705882
105.92042683232835 -47.89014020822167 -105.24530720176733 10 2 0.0295 0.20579411764705882
160.51042683232836 -62.60154020822168 -202.48730720176735 10 2 0.0295 0.20579411764705882
248.59042683232835 -75.69114020822168 -356.57930720176734 10 2 0.0295 0.20579411764705882
351.56242683232836 -75.40604020822168 -531.6793072017674 10 2 0.0295 0.20579411764705882
498.52742683232833 -46.64734020822168 -788.0593072017673 10 2 0.0295 0.20579411764705882
794.5934268323283 136.3680597917783 -1394.0793072017673 10 2 0.0295 0.20579411764705882
890.0974268323283 270.3010597917783 -1702.0793072017673 10 2 0.0295 0.20579411764705882
0.7522183231319026 45.061326249416766 245.53840880535373 11 12 0.617735294117647 0.794029411764706
24.601818323131905 76.42342624941676 259.12220880535375 11 12 0.617735294117647 0.794029411764706
52.082918323131906 111.05702624941677 274.2940088053537 11 12 0.617735294117647 0.794029411764706
88.5315183231319 154.64252624941676 293.82220880535374 11 12 0.617735294117647 0.794029411764706
88.8615183231319 155.02652624941675 293.99520880535374 11 12 0.617735294117647 0.794029411764706
146.9285183231319 219.09252624941675 323.6045088053537 11 12 0.617735294117647 0.794029411764706
217.9295183231319 289.9955262494168 357.80450880535375 11 12 0.617735294117647 0.794029411764706
324.1235183231319 383.03652624941674 406.80450880535375 11 12 0.617735294117647 0.794029411764706
456.2475183231319 480.4945262494167 463.6045088053537 11 12 0.617735294117647 0.794029411764706
595.2825183231319 565.2705262494168 517.0045088053537 11 12 0.617735294117647 0.794029411764706
780.129518323132 654.2305262494168 587.6045088053537 11 12 0.617735294117647 0.794029411764706
14.22506217655936 -23.305251053614 1007.7922970423074 12 6 0.26479411764705885 0.44108823529411767
14.281352176559361 -23.531751053614 1012.2922970423074 12 6 0.26479411764705885 0.44108823529411767
14.247332176559361 -23.543251053614 1012.7922970423074 12 6 0.26479411764705885 0.44108823529411767
15.316302176559361 -28.707351053614 1127.7922970423074 12 6 0.26479411764705885 0.44108823529411767
15.357442176559362 -28.920151053613996 1132.2922970423074 12 6 0.26479411764705885 0.44108823529411767
15.389952176559362 -28.914851053613997 1132.7922970423074 12 6 0.26479411764705885 0.44108823529411767
16.55701217655936 -34.946351053613995 1267.7922970423074 12 6 0.26479411764705885 0.44108823529411767
16.57241217655936 -35.14405105361399 1272.2922970423074 12 6 0.26479411764705885 0.44108823529411767
17.54161217655936 -41.188951053614005 1407.7922970423074 12 6 0.26479411764705885 0.44108823529411767
17.542312176559363 -41.387151053614005 1412.2922970423074 12 6 0.26479411764705885 0.44108823529411767
17.55221217655936 -41.413851053613996 1412.7922970423074 12 6 0.26479411764705885 0.44108823529411767
18.771512176559362 -50.167451053614 1607.7922970423074 12 6 0.26479411764705885 0.44108823529411767
18.80121217655936 -50.372351053614 1612.2922970423074 12 6 0.26479411764705885 0.44108823529411767
19.83431217655936 -59.09215105361399 1807.7922970423074 12 6 0.26479411764705885 0.44108823529411767
-40.229868343789676 3.9228319924727164 243.04625016598106 13 8 0.38244117647058823 0.5587352941176471
-80.07936834378967 4.433901992472716 105.28025016598104 13 8 0.38244117647058823 0.5587352941176471
-123.83246834378969 1.7083399924727165 -46.01574983401895 13 8 0.38244117647058823 0.5587352941176471
-125.75846834378967 1.5212489924727164 -52.70274983401896 13 8 0.38244117647058823 0.5587352941176471
-183.01746834378966 -6.563678007527283 -252.06374983401895 13 8 0.38244117647058823 0.5587352941176471
-267.23246834378966 -27.830108007527283 -549.8237498340189 13 8 0.38244117647058823 0.5587352941176471
-352.0894683437897 -61.44210800752728 -865.563749834019 13 8 0.38244117647058823 0.5587352941176471
-425.2484683437897 -101.07950800752728 -1154.5637498340188 13 8 0.38244117647058823 0.5587352941176471
-496.07446834378965 -149.9985080075273 -1454.5637498340188 13 8 0.38244117647058823 0.5587352941176471
-568.7784683437897 -213.2475080075273 -1795.5637498340188 13 8 0.38244117647058823 0.5587352941176471
-712.8194683437897 -372.23450800752727 -2594.563749834019 13 8 0.38244117647058823 0.5587352941176471
-18.937387823440638 -11.057551053613999 171.7892970423074 14 6 0.26479411764705885 0.44108823529411767
-19.328987823440638 -11.362351053613999 169.63529704230737 14 6 0.26479411764705885 0.44108823529411767
-51.78648782344064 -35.81145105361399 -8.669702957692607 14 6 0.26479411764705885 0.44108823529411767
-103.52828782344064 -72.520451053614 -287.7077029576926 14 6 0.26479411764705885 0.44108823529411767
-104.26028782344063 -73.062151053614 -291.7077029576926 14 6 0.26479411764705885 0.44108823529411767
-123.21528782344063 -85.804651053614 -391.7077029576926 14 6 0.26479411764705885 0.44108823529411767
-223.10628782344065 -147.258851053614 -905.2077029576926 14 6 0.26479411764705885 0.44108823529411767
-279.23328782344066 -178.371851053614 -1185.2077029576926 14 6 0.26479411764705885 0.44108823529411767
-280.1822878234406 -178.973851053614 -1188.2077029576926 14 6 0.26479411764705885 0.44108823529411767
-342.02228782344065 -210.88185105361399 -1491.2077029576926 14 6 0.26479411764705885 0.44108823529411767
-343.1222878234406 -211.496851053614 -1494.2077029576926 14 6 0.26479411764705885 0.44108823529411767
-415.8122878234406 -246.186851053614 -1844.2077029576926 14 6 0.26479411764705885 0.44108823529411767
-497.2832878234406 -282.87085105361405 -2235.2077029576926 14 6 0.26479411764705885 0.44108823529411767
-497.36628782344064 -282.85385105361405 -2238.2077029576926 14 6 0.26479411764705885 0.44108823529411767
-582.3822878234406 -319.52785105361403 -2638.2077029576926 14 6 0.26479411764705885 0.44108823529411767
-17.662320280378413 20.59365842300158 -208.4456242717524 15 16 0.8530294117647059 1.0
-18.155120280378416 20.64892842300158 -208.4857012717524 15 16 0.8530294117647059 1.0
-58.28502028037841 25.99205842300158 -210.87729227175237 15 16 0.8530294117647059 1.0
-100.87392028037843 33.99390842300158 -213.50754227175238 15 16 0.8530294117647059 1.0
-155.3759202803784 47.75160842300158 -216.83979227175237 15 16 0.8530294117647059 1.0
-240.8979202803784 78.07310842300157 -221.80541227175237 15 16 0.8530294117647059 1.0
-331.25592028037846 123.15150842300159 -226.60541227175239 15 16 0.8530294117647059 1.0
-449.0509202803784 206.5825084230016 -233.80541227175237 15 16 0.8530294117647059 1.0
-565.8049202803784 330.6605084230016 -243.40541227175237 15 16 0.8530294117647059 1.0
-569.4959202803784 335.6025084230016 -243.40541227175237 15 16 0.8530294117647059 1.0
-658.3329202803784 488.4085084230016 -247.0054122717524 15 16 0.8530294117647059 1.0
-720.2319202803784 723.6765084230016 -263.60541227175236 15 16 0.8530294117647059 1.0
-33.28781523614147 -32.37772908159794 -340.0968076560144 16 9 0.44126470588235295 0.6175588235294118
-64.64301523614148 -71.20132908159795 -705.7928076560144 16 9 0.44126470588235295 0.6175588235294118
-65.01351523614147 -71.58082908159794 -709.7928076560144 16 9 0.44126470588235295 0.6175588235294118
-74.09831523614147 -80.96332908159795 -805.7928076560144 16 9 0.44126470588235295 0.6175588235294118
-85.81701523614147 -92.20282908159794 -925.7928076560144 16 9 0.44126470588235295 0.6175588235294118
-100.08791523614147 -104.61432908159794 -1065.7928076560145 16 9 0.44126470588235295 0.6175588235294118
-115.18221523614147 -116.21782908159794 -1205.7928076560145 16 9 0.44126470588235295 0.6175588235294118
-115.60641523614147 -116.56682908159794 -1209.7928076560145 16 9 0.44126470588235295 0.6175588235294118
-137.78731523614147 -131.95982908159795 -1409.7928076560145 16 9 0.44126470588235295 0.6175588235294118
-239.61231523614148 -178.84282908159796 -2253.2928076560142 16 9 0.44126470588235295 0.6175588235294118
-291.8873152361415 -193.02482908159794 -2653.2928076560142 16 9 0.44126470588235295 0.6175588235294118
-345.49431523614146 -204.53482908159793 -3056.2928076560142 16 9 0.44126470588235295 0.6175588235294118
20.28375570780778 -10.280962839008673 -333.2183214677147 17 14 0.7353823529411765 0.9116764705882352
59.29855570780778 -5.628642839008673 -478.9373214677147 17 14 0.7353823529411765 0.9116764705882352
102.69795570780778 0.5850671609913274 -641.2803214677147 17 14 0.7353823529411765 0.9116764705882352
104.63395570780777 0.8859671609913278 -648.5553214677147 17 14 0.7353823529411765 0.9116764705882352
147.57595570780776 8.223867160991327 -810.0353214677148 17 14 0.7353823529411765 0.9116764705882352
241.08295570780777 27.782067160991325 -1163.6353214677147 17 14 0.7353823529411765 0.9116764705882352
247.3959557078078 29.310267160991323 -1187.6353214677147 17 14 0.7353823529411765 0.9116764705882352
250.4199557078078 30.011167160991327 -1199.0353214677148 17 14 0.7353823529411765 0.9116764705882352
310.9369557078078 45.59596716099133 -1430.5353214677148 17 14 0.7353823529411765 0.9116764705882352
384.7969557078078 67.10616716099132 -1713.5353214677148 17 14 0.7353823529411765 0.9116764705882352
460.8339557078078 92.40026716099132 -2013.5353214677148 17 14 0.7353823529411765 0.9116764705882352
549.6779557078079 124.65326716099133 -2360.5353214677148 17 14 0.7353823529411765 0.9116764705882352
650.9749557078078 163.8872671609913 -2760.5353214677148 17 14 0.7353823529411765 0.9116764705882352
755.8089557078079 203.76026716099133 -3159.5353214677148 17 14 0.7353823529411765 0.9116764705882352
-40.942340929514295 -17.429760223127904 1032.3576534051472 18 17 0.9118529411764706 1.0
-41.674140929514294 -17.776060223127903 1037.3576534051472 18 17 0.9118529411764706 1.0
-61.4786409295143 -26.684460223127903 1172.3576534051472 18 17 0.9118529411764706 1.0
-82.2217409295143 -35.3369602231279 1312.3576534051472 18 17 0.9118529411764706 1.0
-112.31774092951429 -46.7440602231279 1512.8576534051472 18 17 0.9118529411764706 1.0
-112.92694092951429 -46.960260223127904 1516.8576534051472 18 17 0.9118529411764706 1.0
-143.3479409295143 -57.006760223127905 1716.8576534051472 18 17 0.9118529411764706 1.0
-243.7139409295143 -82.4720602231279 2360.357653405147 18 17 0.9118529411764706 1.0
-245.0719409295143 -82.92886022312791 2363.357653405147 18 17 0.9118529411764706 1.0
-309.14594092951427 -94.84606022312789 2763.357653405147 18 17 0.9118529411764706 1.0
-374.0999409295143 -105.2179602231279 3163.357653405147 18 17 0.9118529411764706 1.0
-3.088816302382752 -14.949224006837376 -329.70718945783625 19 10 0.5000882352941176 0.6763823529411765
5.037433697617248 -53.31342400683738 -580.3451894578362 19 10 0.5000882352941176 0.6763823529411765
5.548933697617247 -55.39822400683738 -594.0811894578362 19 10 0.5000882352941176 0.6763823529411765
14.410000428863029 15.804780441536298 -39.67080190772057 20 11 0.5589117647058823 0.7352058823529413
47.59180042886303 39.469580441536294 146.39019809227943 20 11 0.5589117647058823 0.7352058823529413
100.23230042886303 69.6400804415363 422.8571980922794 20 11 0.5589117647058823 0.7352058823529413
120.18930042886304 78.91008044153631 522.8571980922794 20 11 0.5589117647058823 0.7352058823529413
227.096300428863 114.5646804415363 1036.3571980922793 20 11 0.5589117647058823 0.7352058823529413
227.668300428863 114.69868044153631 1039.3571980922793 20 11 0.5589117647058823 0.7352058823529413
287.565300428863 125.81168044153631 1319.3571980922793 20 11 0.5589117647058823 0.7352058823529413
350.846300428863 132.11068044153632 1619.3571980922793 20 11 0.5589117647058823 0.7352058823529413
424.72930042886304 135.2126804415363 1975.3571980922793 20 11 0.5589117647058823 0.7352058823529413
505.040300428863 138.2026804415363 2375.3571980922793 20 11 0.5589117647058823 0.7352058823529413
579.724300428863 145.3446804415363 2769.3571980922793 20 11 0.5589117647058823 0.7352058823529413
3.671648511919212 49.74464124001983 412.26686036902595 21 7 0.3236176470588235 0.49991176470588233
3.6106685119192123 50.197641240019834 416.76686036902595 21 7 0.3236176470588235 0.49991176470588233
2.1139085119192114 59.874241240019835 512.266860369026 21 7 0.3236176470588235 0.49991176470588233
2.010498511919211 60.33334124001983 516.766860369026 21 7 0.3236176470588235 0.49991176470588233
0.0047185119192114655 72.43694124001982 636.766860369026 21 7 0.3236176470588235 0.49991176470588233
-2.6111814880807884 86.55684124001982 776.766860369026 21 7 0.3236176470588235 0.49991176470588233
-5.400381488080788 100.57704124001984 916.766860369026 21 7 0.3236176470588235 0.49991176470588233
-9.733181488080788 120.47904124001985 1116.7668603690258 21 7 0.3236176470588235 0.49991176470588233
-14.357981488080789 140.18304124001983 1316.7668603690258 21 7 0.3236176470588235 0.49991176470588233
-40.84128148808078 241.08204124001983 2363.266860369026 21 7 0.3236176470588235 0.49991176470588233
-49.965081488080784 277.1500412400198 2763.266860369026 21 7 0.3236176470588235 0.49991176470588233
14.29818476385853 2.3611409184020573 -97.9877076560144 22 9 0.44126470588235295 0.6175588235294118
52.72088476385852 14.585270918402056 -91.29050765601438 22 9 0.44126470588235295 0.6175588235294118
93.49168476385853 30.480370918402055 -83.99600765601438 22 9 0.44126470588235295 0.6175588235294118
144.53168476385852 54.95637091840206 -74.99270765601439 22 9 0.44126470588235295 0.6175588235294118
223.06568476385854 103.83317091840206 -60.39280765601439 22 9 0.44126470588235295 0.6175588235294118
298.1946847638585 166.05017091840205 -44.99280765601439 22 9 0.44126470588235295 0.6175588235294118
393.03668476385855 279.58817091840206 -22.192807656014395 22 9 0.44126470588235295 0.6175588235294118
469.7586847638585 434.19917091840205 5.4071923439856135 22 9 0.44126470588235295 0.6175588235294118
472.2036847638585 441.41117091840204 6.607192343985616 22 9 0.44126470588235295 0.6175588235294118
506.3736847638585 627.0791709184022 33.00719234398562 22 9 0.44126470588235295 0.6175588235294118
460.5256847638585 895.8761709184021 74.44719234398562 22 9 0.44126470588235295 0.6175588235294118
43.62527971962159 6.34840842300158 -257.63211227175236 23 16 0.8530294117647059 1.0
44.97777971962158 5.800608423001579 -260.3262122717524 23 16 0.8530294117647059 1.0
81.4674797196216 -8.602391576998421 -332.8234122717524 23 16 0.8530294117647059 1.0
121.4700797196216 -23.791691576998424 -411.9304122717524 23 16 0.8530294117647059 1.0
123.3990797196216 -24.50689157699842 -415.7514122717524 23 16 0.8530294117647059 1.0
174.7740797196216 -43.11369157699842 -516.9394122717524 23 16 0.8530294117647059 1.0
258.51207971962157 -71.19579157699843 -680.8054122717524 23 16 0.8530294117647059 1.0
352.96207971962156 -99.92049157699842 -863.2054122717524 23 16 0.8530294117647059 1.0
359.07107971962154 -101.66049157699842 -875.4054122717524 23 16 0.8530294117647059 1.0
485.97407971962156 -135.0724915769984 -1117.6054122717524 23 16 0.8530294117647059 1.0
648.0810797196216 -170.0434915769984 -1424.7054122717523 23 16 0.8530294117647059 1.0
794.2290797196216 -194.00049157699843 -1703.7054122717523 23 16 0.8530294117647059 1.0
794.4580797196217 -194.52349157699842 -1706.7054122717523 23 16 0.8530294117647059 1.0
960.0830797196217 -214.6564915769984 -2011.7054122717523 23 16 0.8530294117647059 1.0
25.859526832328353 -19.705140208221675 103.61131279823266 24 2 0.0295 0.20579411764705882
61.22862683232835 -39.85244020822168 102.82382279823267 24 2 0.0295 0.20579411764705882
99.88242683232835 -58.686240208221676 101.75506279823267 24 2 0.0295 0.20579411764705882
153.30242683232836 -79.65994020822167 100.40506779823266 24 2 0.0295 0.20579411764705882
153.77142683232836 -79.81834020822167 100.38006629823266 24 2 0.0295 0.20579411764705882
240.58842683232837 -103.01194020822167 97.42069279823266 24 2 0.0295 0.20579411764705882
341.18342683232834 -114.41694020822167 95.02069279823266 24 2 0.0295 0.20579411764705882
491.56242683232836 -100.20914020822168 90.22069279823266 24 2 0.0295 0.20579411764705882
36.89961217655936 0.04966894638600117 204.53629704230738 25 6 0.26479411764705885 0.44108823529411767
75.51541217655937 -6.2062510536139985 76.07629704230737 25 6 0.26479411764705885 0.44108823529411767
77.60681217655936 -6.410951053613999 69.20429704230739 25 6 0.26479411764705885 0.44108823529411767
119.93471217655936 -7.621451053613999 -69.61170295769261 25 6 0.26479411764705885 0.44108823529411767
263.80271217655934 31.725748946386002 -563.7877029576927 25 6 0.26479411764705885 0.44108823529411767
347.45771217655937 93.32984894638601 -905.2077029576926 25 6 0.26479411764705885 0.44108823529411767
401.07071217655937 158.58314894638602 -1191.2077029576926 25 6 0.26479411764705885 0.44108823529411767
441.94571217655937 236.883148946386 -1494.2077029576926 25 6 0.26479411764705885 0.44108823529411767
468.10771217655935 329.562148946386 -1835.2077029576926 25 6 0.26479411764705885 0.44108823529411767
-45.53621523614147 -17.02132908159794 -364.2628076560144 26 9 0.44126470588235295 0.6175588235294118
-47.55891523614147 -17.787529081597942 -381.24180765601443 26 9 0.44126470588235295 0.6175588235294118
-86.82831523614148 -32.251729081597944 -709.7928076560144 26 9 0.44126470588235295 0.6175588235294118
-98.84101523614147 -36.46992908159794 -809.7928076560144 26 9 0.44126470588235295 0.6175588235294118
-129.62631523614147 -46.98792908159794 -1065.7928076560145 26 9 0.44126470588235295 0.6175588235294118
-130.0963152361415 -47.18492908159794 -1069.7928076560145 26 9 0.44126470588235295 0.6175588235294118
-146.49531523614147 -52.58922908159795 -1205.7928076560145 26 9 0.44126470588235295 0.6175588235294118
-170.69731523614146 -60.38442908159794 -1405.7928076560145 26 9 0.44126470588235295 0.6175588235294118
-274.36031523614145 -91.03232908159795 -2256.2928076560142 26 9 0.44126470588235295 0.6175588235294118
-324.25131523614147 -104.29852908159795 -2656.2928076560142 26 9 0.44126470588235295 0.6175588235294118
-373.0843152361415 -116.91382908159794 -3056.2928076560142 26 9 0.44126470588235295 0.6175588235294118
-125.09055670303738 -482.724277586894 -368.59794217767967 27 0 0.0 0.08814705882352941
-133.35255670303738 -485.35527758689403 -374.59794217767967 27 0 0.0 0.08814705882352941
-503.4495567030374 -416.236277586894 -640.3979421776796 27 0 0.0 0.08814705882352941
-515.3845567030374 -406.556277586894 -650.6649421776797 27 0 0.0 0.08814705882352941
-659.9895567030374 -130.589277586894 -868.4979421776796 27 0 0.0 0.08814705882352941
328.58948033172925 -379.6275012436536 43.96821807077265 28 5 0.20597058823529413 0.38226470588235295
461.6194803317292 -470.65250124365366 67.96821807077265 28 5 0.20597058823529413 0.38226470588235295
545.6174803317293 -610.7235012436537 96.76821807077266 28 5 0.20597058823529413 0.38226470588235295
531.0494803317293 -878.7385012436537 136.1682180707727 28 5 0.20597058823529413 0.38226470588235295
-44.4326409295143 2.762349776872097 450.67765340514717 29 17 0.9118529411764706 1.0
-45.823140929514295 2.728199776872097 460.8466534051472 29 17 0.9118529411764706 1.0
-86.5141409295143 2.137789776872097 812.3576534051472 29 17 0.9118529411764706 1.0
-85.8227409295143 2.1600397768720967 817.3576534051472 29 17 0.9118529411764706 1.0
-72.8637409295143 2.1167297768720967 912.3576534051472 29 17 0.9118529411764706 1.0
-72.18474092951429 2.129979776872097 917.3576534051472 29 17 0.9118529411764706 1.0
-56.5251409295143 1.984399776872097 1032.3576534051472 29 17 0.9118529411764706 1.0
-55.8434409295143 1.9615797768720968 1037.3576534051472 29 17 0.9118529411764706 1.0
15.245659070485702 -11.229660223127903 415.32665340514717 30 17 0.9118529411764706 1.0
51.473959070485705 -28.3803602231279 672.6686534051471 30 17 0.9118529411764706 1.0
71.64065907048571 -36.82486022312791 812.8576534051472 30 17 0.9118529411764706 1.0
86.18745907048572 -42.377860223127904 912.8576534051472 30 17 0.9118529411764706 1.0
86.7663590704857 -42.5901602231279 916.8576534051472 30 17 0.9118529411764706 1.0
103.82605907048571 -48.5263602231279 1032.8576534051472 30 17 0.9118529411764706 1.0
124.65205907048572 -54.9892602231279 1172.8576534051472 30 17 0.9118529411764706 1.0
145.5950590704857 -60.7930602231279 1312.8576534051472 30 17 0.9118529411764706 1.0
253.4480590704857 -80.9943602231279 2013.3576534051472 30 17 0.9118529411764706 1.0
307.9440590704857 -87.24666022312789 2363.357653405147 30 17 0.9118529411764706 1.0
372.8710590704857 -94.40076022312789 2766.357653405147 30 17 0.9118529411764706 1.0
438.9050590704857 -103.60096022312791 3166.357653405147 30 17 0.9118529411764706 1.0
85.04623685086105 -238.76085096757586 -669.7907304032128 31 15 0.7942058823529412 0.9704999999999999
86.53873685086104 -245.20185096757587 -667.9907304032129 31 15 0.7942058823529412 0.9704999999999999
102.09513685086105 -340.3148509675758 -645.1907304032129 31 15 0.7942058823529412 0.9704999999999999
101.20373685086105 -481.78385096757586 -610.390730403213 31 15 0.7942058823529412 0.9704999999999999
100.54413685086105 -487.74385096757584 -609.1907304032129 31 15 0.7942058823529412 0.9704999999999999
63.028136850861046 -645.9128509675759 -568.5907304032128 31 15 0.7942058823529412 0.9704999999999999
60.84523685086104 -651.8078509675759 -566.1907304032129 31 15 0.7942058823529412 0.9704999999999999
-22.948563149138955 -810.5228509675758 -518.1907304032129 31 15 0.7942058823529412 0.9704999999999999
-208.59286314913896 -989.2308509675759 -458.39073040321284 31 15 0.7942058823529412 0.9704999999999999
-215.11386314913898 -993.3388509675758 -458.39073040321284 31 15 0.7942058823529412 0.9704999999999999
-85.38371523614147 14.843670918402058 6.609192343985612 32 9 0.44126470588235295 0.6175588235294118
-124.52931523614147 33.93937091840206 -10.28510765601439 32 9 0.44126470588235295 0.6175588235294118
-126.21731523614147 34.67567091840206 -10.973807656014387 32 9 0.44126470588235295 0.6175588235294118
-177.22831523614147 55.40247091840206 -32.12620765601439 32 9 0.44126470588235295 0.6175588235294118
-266.31231523614144 80.19507091840205 -67.59280765601439 32 9 0.44126470588235295 0.6175588235294118
-363.92431523614147 93.54557091840205 -107.19280565601439 32 9 0.44126470588235295 0.6175588235294118
-507.3773152361415 86.43297091840205 -165.7928076560144 32 9 0.44126470588235295 0.6175588235294118
-676.1183152361415 37.86417091840205 -236.5928076560144 32 9 0.44126470588235295 0.6175588235294118
-834.3583152361415 -59.13612908159794 -308.3928076560144 32 9 0.44126470588235295 0.6175588235294118
-999.6543152361414 -263.38282908159795 -422.19280765601434 32 9 0.44126470588235295 0.6175588235294118
-40.878181676868095 41.74502624941676 311.2066088053537 33 12 0.617735294117647 0.794029411764706
-42.11608167686809 43.01902624941676 315.9519088053537 33 12 0.617735294117647 0.794029411764706
-67.95038167686809 70.02792624941677 415.7025088053537 33 12 0.617735294117647 0.794029411764706
-69.4159816768681 71.61072624941676 421.46150880535373 33 12 0.617735294117647 0.794029411764706
-98.0499816768681 103.64782624941677 535.7925088053537 33 12 0.617735294117647 0.794029411764706
-133.2674816768681 146.33652624941675 682.7715088053537 33 12 0.617735294117647 0.794029411764706
-184.4924816768681 216.75952624941675 914.2045088053537 33 12 0.617735294117647 0.794029411764706
-238.7004816768681 305.0135262494167 1187.4045088053538 33 12 0.617735294117647 0.794029411764706
-282.9984816768681 392.1545262494168 1445.7045088053537 33 12 0.617735294117647 0.794029411764706
-360.3064816768681 596.6345262494168 2022.7045088053537 33 12 0.617735294117647 0.794029411764706
-394.5344816768681 722.0485262494168 2368.7045088053537 33 12 0.617735294117647 0.794029411764706
-433.5404816768681 873.7535262494168 2776.7045088053537 33 12 0.617735294117647 0.794029411764706
-21.078281488080787 -15.975878759980167 -44.48313963097405 34 7 0.3236176470588235 0.49991176470588233
-60.53298148808079 -19.49866875998017 135.32386036902597 34 7 0.3236176470588235 0.49991176470588233
-122.45378148808078 -19.890088759980166 416.76686036902595 34 7 0.3236176470588235 0.49991176470588233
-144.3677814880808 -18.750938759980166 516.766860369026 34 7 0.3236176470588235 0.49991176470588233
-255.1107814880808 -1.6371787599801682 1030.2668603690258 34 7 0.3236176470588235 0.49991176470588233
-314.19978148808076 15.74794124001983 1310.2668603690258 34 7 0.3236176470588235 0.49991176470588233
-377.04578148808076 39.783941240019836 1613.2668603690258 34 7 0.3236176470588235 0.49991176470588233
-448.73078148808077 73.39134124001984 1969.2668603690258 34 7 0.3236176470588235 0.49991176470588233
-525.7427814880808 114.51404124001982 2360.266860369026 34 7 0.3236176470588235 0.49991176470588233
-606.0087814880808 158.05204124001983 2760.266860369026 34 7 0.3236176470588235 0.49991176470588233
102.29348033172926 -13.076594243653645 -618.5797819292274 35 5 0.20597058823529413 0.38226470588235295
104.00048033172928 -11.951891243653645 -619.0437819292274 35 5 0.20597058823529413 0.38226470588235295
-30.47811966827073 -271.69350124365366 -551.2317819292273 35 5 0.20597058823529413 0.38226470588235295
155.93048033172929 14.427698756346354 -633.1027819292274 35 5 0.20597058823529413 0.38226470588235295
157.69648033172928 15.088198756346356 -633.5507819292274 35 5 0.20597058823529413 0.38226470588235295
-10.390509668270731 -369.67450124365365 -529.6317819292274 35 5 0.20597058823529413 0.38226470588235295
91.63148033172928 -498.81150124365365 -494.8317819292273 35 5 0.20597058823529413 0.38226470588235295
467.7754803317292 -638.0535012436536 1916.0682180707727 35 5 0.20597058823529413 0.38226470588235295
-21.200526824524836 20.81743110621985 -154.11969412877352 36 1 0.0 0.14697058823529413
-61.892726824524836 25.39531110621985 -78.8023941287735 36 1 0.0 0.14697058823529413
-104.12872682452485 29.46846110621985 -0.764394128773489 36 1 0.0 0.14697058823529413
-105.92772682452483 29.62696110621985 2.562605871226509 36 1 0.0 0.14697058823529413
-106.42772682452483 29.673261106219847 3.4866058712264874 36 1 0.0 0.14697058823529413
-160.35672682452486 33.81706110621985 102.97160587122647 36 1 0.0 0.14697058823529413
-247.33472682452486 38.47796110621985 263.8036058712265 36 1 0.0 0.14697058823529413
-350.14972682452486 40.58646110621985 453.2036058712265 36 1 0.0 0.14697058823529413
-487.88272682452487 37.72956110621985 707.0036058712265 36 1 0.0 0.14697058823529413
-651.3407268245248 26.41575110621985 1009.7036058712265 36 1 0.0 0.14697058823529413
-798.3307268245248 8.77802110621985 1291.7036058712265 36 1 0.0 0.14697058823529413
-962.8537268245249 -18.092138893780152 1599.7036058712265 36 1 0.0 0.14697058823529413
-26.63221966827073 15.527598756346356 3.7902180707726814 37 5 0.20597058823529413 0.38226470588235295
-27.07811966827073 16.523198756346353 11.838218070772683 37 5 0.20597058823529413 0.38226470588235295
-47.11311966827073 61.46159875634635 374.0682180707727 37 5 0.20597058823529413 0.38226470588235295
-58.31871966827073 88.44149875634635 589.5682180707727 37 5 0.20597058823529413 0.38226470588235295
-65.33511966827072 106.06449875634635 729.5682180707727 37 5 0.20597058823529413 0.38226470588235295
-72.24161966827073 123.81049875634636 869.5682180707727 37 5 0.20597058823529413 0.38226470588235295
-104.00011966827074 213.20949875634636 1567.0682180707727 37 5 0.20597058823529413 0.38226470588235295
-118.76351966827073 258.91749875634633 1917.0682180707727 37 5 0.20597058823529413 0.38226470588235295
-136.24851966827072 312.57249875634636 2317.0682180707727 37 5 0.20597058823529413 0.38226470588235295
-153.89451966827073 366.01749875634636 2723.0682180707727 37 5 0.20597058823529413 0.38226470588235295
-29.684063149138957 1.063809032424147 -237.83973040321285 38 15 0.7942058823529412 0.9704999999999999
-68.73196314913895 -4.638050967575852 -491.03673040321286 38 15 0.7942058823529412 0.9704999999999999
-89.98396314913896 -6.986750967575853 -628.1907304032129 38 15 0.7942058823529412 0.9704999999999999
-90.67886314913895 -7.082850967575853 -632.6907304032129 38 15 0.7942058823529412 0.9704999999999999
-105.54486314913895 -8.326250967575852 -728.1907304032129 38 15 0.7942058823529412 0.9704999999999999
-124.22486314913895 -9.619450967575851 -848.1907304032129 38 15 0.7942058823529412 0.9704999999999999
-146.06786314913896 -10.646950967575854 -988.1907304032129 38 15 0.7942058823529412 0.9704999999999999
-167.86086314913896 -11.155350967575853 -1128.190730403213 38 15 0.7942058823529412 0.9704999999999999
-277.839863149139 -6.435750967575853 -1828.690730403213 38 15 0.7942058823529412 0.9704999999999999
-332.320863149139 0.2477590324241472 -2178.690730403213 38 15 0.7942058823529412 0.9704999999999999
-395.79286314913895 10.333499032424147 -2581.690730403213 38 15 0.7942058823529412 0.9704999999999999
-460.04686314913897 21.874449032424145 -2981.690730403213 38 15 0.7942058823529412 0.9704999999999999
3.5153847638585276 20.235470918402058 17.18319234398561 39 9 0.44126470588235295 0.6175588235294118
29.69998476385853 49.52017091840206 174.93219234398563 39 9 0.44126470588235295 0.6175588235294118
61.42188476385853 79.32167091840205 349.5591923439856 39 9 0.44126470588235295 0.6175588235294118
89.94968476385853 101.50517091840206 494.20719234398564 39 9 0.44126470588235295 0.6175588235294118
110.60368476385852 115.37717091840206 594.2071923439856 39 9 0.44126470588235295 0.6175588235294118
188.46068476385852 154.79917091840204 950.1671923439857 39 9 0.44126470588235295 0.6175588235294118
225.01068476385854 167.65617091840204 1110.7071923439855 39 9 0.44126470588235295 0.6175588235294118
289.3486847638585 183.88517091840205 1387.7071923439855 39 9 0.44126470588235295 0.6175588235294118
361.7976847638585 193.94817091840204 1696.7071923439855 39 9 0.44126470588235295 0.6175588235294118
440.07568476385853 197.77017091840204 2043.7071923439855 39 9 0.44126470588235295 0.6175588235294118
521.5746847638585 200.10317091840204 2437.7071923439858 39 9 0.44126470588235295 0.6175588235294118
-151.9865567030374 193.601722413106 491.40205782232033 40 0 0.0 0.08814705882352941
-249.6995567030374 242.126722413106 524.8020578223204 40 0 0.0 0.08814705882352941
-360.80155670303736 333.557722413106 569.2020578223203 40 0 0.0 0.08814705882352941
-450.8335567030374 460.652722413106 619.4020578223203 40 0 0.0 0.08814705882352941
-504.8135567030374 626.192722413106 672.2020578223203 40 0 0.0 0.08814705882352941
-505.90755670303736 633.083722413106 672.2020578223203 40 0 0.0 0.08814705882352941
-484.1895567030374 885.846722413106 764.4020578223203 40 0 0.0 0.08814705882352941
34.819636850861045 10.091749032424147 -35.12511040321285 41 15 0.7942058823529412 0.9704999999999999
73.83793685086104 14.609709032424147 -40.55583040321285 41 15 0.7942058823529412 0.9704999999999999
116.71013685086105 20.859649032424148 -46.44133040321285 41 15 0.7942058823529412 0.9704999999999999
118.67013685086104 21.179449032424145 -46.712630403212856 41 15 0.7942058823529412 0.9704999999999999
172.18313685086102 31.04674903242415 -54.25013040321285 41 15 0.7942058823529412 0.9704999999999999
257.78313685086107 51.09944903242415 -66.79073040321285 41 15 0.7942058823529412 0.9704999999999999
355.22713685086103 81.15964903242414 -79.79073040321285 41 15 0.7942058823529412 0.9704999999999999
358.175136850861 82.14204903242415 -81.19073040321285 41 15 0.7942058823529412 0.9704999999999999
482.634136850861 132.43914903242415 -98.99073040321285 41 15 0.7942058823529412 0.9704999999999999
626.222136850861 209.66114903242413 -121.79073040321285 41 15 0.7942058823529412 0.9704999999999999
761.986136850861 305.1761490324242 -138.59073040321286 41 15 0.7942058823529412 0.9704999999999999
920.8211368508611 453.4931490324242 -170.99073040321286 41 15 0.7942058823529412 0.9704999999999999
-27.02824503587726 -43.541635942724334 -99.54880562155262 42 3 0.08832352941176472 0.2646176470588235
-50.45674503587726 -75.50943594272434 56.37819437844735 42 3 0.08832352941176472 0.2646176470588235
-51.79754503587726 -77.10283594272434 64.59919437844735 42 3 0.08832352941176472 0.2646176470588235
-81.42584503587726 -108.02783594272432 232.67019437844738 42 3 0.08832352941176472 0.2646176470588235
-105.85674503587725 -127.95633594272434 355.4491943784474 42 3 0.08832352941176472 0.2646176470588235
-128.52984503587726 -142.87333594272434 459.4491943784474 42 3 0.08832352941176472 0.2646176470588235
-214.28384503587725 -178.95333594272435 815.6491943784474 42 3 0.08832352941176472 0.2646176470588235
-255.17884503587726 -187.65433594272434 972.9491943784474 42 3 0.08832352941176472 0.2646176470588235
-329.36484503587724 -190.81433594272434 1255.9491943784474 42 3 0.08832352941176472 0.2646176470588235
-408.79284503587724 -178.93433594272435 1558.9491943784474 42 3 0.08832352941176472 0.2646176470588235
-496.15484503587726 -149.01433594272433 1911.9491943784474 42 3 0.08832352941176472 0.2646176470588235
-582.3668450358773 -104.41623594272434 2302.9491943784474 42 3 0.08832352941176472 0.2646176470588235
-15.261314292192221 20.221067160991325 485.4646785322853 43 14 0.7353823529411765 0.9116764705882352
-15.256264292192222 20.269167160991323 485.9646785322853 43 14 0.7353823529411765 0.9116764705882352
-15.260864292192222 20.452967160991328 489.9646785322853 43 14 0.7353823529411765 0.9116764705882352
-15.611274292192222 26.043567160991323 605.4646785322852 43 14 0.7353823529411765 0.9116764705882352
-15.600344292192222 26.093467160991324 605.9646785322852 43 14 0.7353823529411765 0.9116764705882352
-15.617584292192221 26.260167160991323 609.9646785322852 43 14 0.7353823529411765 0.9116764705882352
-15.914314292192222 32.874567160991326 745.4646785322852 43 14 0.7353823529411765 0.9116764705882352
-15.917004292192221 32.903667160991326 745.9646785322852 43 14 0.7353823529411765 0.9116764705882352
-15.954594292192223 33.091367160991325 749.9646785322852 43 14 0.7353823529411765 0.9116764705882352
-16.117574292192224 39.71836716099133 885.4646785322852 43 14 0.7353823529411765 0.9116764705882352
-16.13067429219222 39.74776716099132 885.9646785322852 43 14 0.7353823529411765 0.9116764705882352
-16.141714292192223 39.92986716099133 889.9646785322852 43 14 0.7353823529411765 0.9116764705882352
-16.26806429219222 49.819767160991326 1089.9646785322852 43 14 0.7353823529411765 0.9116764705882352
-16.29952429219222 59.77866716099132 1289.9646785322852 43 14 0.7353823529411765 0.9116764705882352
26.74292683232835 13.805259791778322 168.82229279823267 44 2 0.0295 0.20579411764705882
27.181126832328353 14.057859791778323 169.67929279823267 44 2 0.0295 0.20579411764705882
61.67552683232835 33.211059791778325 236.68069279823266 44 2 0.0295 0.20579411764705882
101.83242683232835 53.72595979177832 313.44769279823265 44 2 0.0295 0.20579411764705882
150.79142683232834 76.50325979177832 405.45969279823265 44 2 0.0295 0.20579411764705882
152.63842683232835 77.31515979177833 408.90369279823267 44 2 0.0295 0.20579411764705882
16.681010876767566 -17.37892804401376 -10.133189201869165 45 13 0.6765588235294118 0.8528529411764705
18.041010876767565 -18.70822804401376 -10.886689201869165 45 13 0.6765588235294118 0.8528529411764705
45.63021087676756 -44.40302804401376 -25.849289201869166 45 13 0.6765588235294118 0.8528529411764705
46.93371087676756 -45.57692804401376 -26.543289201869165 45 13 0.6765588235294118 0.8528529411764705
79.12551087676758 -73.21582804401376 -43.22428920186916 45 13 0.6765588235294118 0.8528529411764705
123.25031087676757 -107.27232804401376 -65.16168920186917 45 13 0.6765588235294118 0.8528529411764705
124.73231087676757 -108.34132804401376 -65.88428920186917 45 13 0.6765588235294118 0.8528529411764705
198.10131087676757 -156.16732804401374 -100.18408920186917 45 13 0.6765588235294118 0.8528529411764705
286.87331087676756 -201.78632804401377 -139.78408920186916 45 13 0.6765588235294118 0.8528529411764705
424.5953108767676 -250.29132804401377 -199.28408920186916 45 13 0.6765588235294118 0.8528529411764705
589.8573108767675 -279.32732804401377 -267.78408920186916 45 13 0.6765588235294118 0.8528529411764705
760.1833108767676 -278.2763280440138 -333.78408920186916 45 13 0.6765588235294118 0.8528529411764705
990.1883108767676 -222.90032804401375 -434.98408920186915 45 13 0.6765588235294118 0.8528529411764705
6.975600428863029 -74.7416195584637 -388.3678019077206 46 11 0.5589117647058823 0.7352058823529413
7.061200428863028 -75.2477195584637 -389.49180190772057 46 11 0.5589117647058823 0.7352058823529413
11.180200428863028 -118.54431955846371 -497.4768019077206 46 11 0.5589117647058823 0.7352058823529413
14.61410042886303 -175.2273195584637 -638.7438019077206 46 11 0.5589117647058823 0.7352058823529413
15.86390042886303 -262.3173195584637 -854.5428019077206 46 11 0.5589117647058823 0.7352058823529413
10.974200428863028 -362.2293195584637 -1102.5428019077206 46 11 0.5589117647058823 0.7352058823529413
-4.0427895711369715 -483.6533195584637 -1403.6428019077207 46 11 0.5589117647058823 0.7352058823529413
-25.39769957113697 -592.0173195584638 -1677.6428019077207 46 11 0.5589117647058823 0.7352058823529413
-101.86789957113697 -838.3933195584638 -2323.6428019077207 46 11 0.5589117647058823 0.7352058823529413
-162.65069957113695 -986.8233195584637 -2731.6428019077207 46 11 0.5589117647058823 0.7352058823529413
-36.78116630238275 3.591675993162621 -115.42368945783625 47 10 0.5000882352941176 0.6763823529411765
-37.82846630238275 3.0746759931626197 -114.76328945783625 47 10 0.5000882352941176 0.6763823529411765
-72.81386630238275 -14.89432400683738 -92.47208945783625 47 10 0.5000882352941176 0.6763823529411765
-110.31376630238276 -35.854624006837376 -67.98318945783625 47 10 0.5000882352941176 0.6763823529411765
-112.06876630238276 -36.87772400683738 -66.82328945783624 47 10 0.5000882352941176 0.6763823529411765
-159.51276630238274 -66.28862400683738 -34.982689457836244 47 10 0.5000882352941176 0.6763823529411765
-229.45676630238273 -115.95302400683738 14.505810542163744 47 10 0.5000882352941176 0.6763823529411765
-307.86276630238274 -182.4960240068374 73.10581054216377 47 10 0.5000882352941176 0.6763823529411765
-403.3007663023827 -283.0440240068374 153.30581054216375 47 10 0.5000882352941176 0.6763823529411765
-503.81976630238273 -424.0510240068374 253.90581054216378 47 10 0.5000882352941176 0.6763823529411765
-577.1987663023828 -569.4530240068374 348.5058105421638 47 10 0.5000882352941176 0.6763823529411765
-643.6347663023828 -785.2120240068374 473.1058105421637 47 10 0.5000882352941176 0.6763823529411765
67.50024329696261 -26.26087758689402 -250.99794217767965 48 0 0.0 0.08814705882352941
67.88654329696261 -26.382577586894016 -254.99794217767965 48 0 0.0 0.08814705882352941
77.03044329696262 -29.18017758689402 -350.99794217767965 48 0 0.0 0.08814705882352941
77.41094329696261 -29.286277586894016 -354.99794217767965 48 0 0.0 0.08814705882352941
88.5510432969626 -32.38267758689402 -470.99794217767965 48 0 0.0 0.08814705882352941
88.9461432969626 -32.46697758689402 -474.99794217767965 48 0 0.0 0.08814705882352941
102.12414329696261 -36.00237758689401 -610.9979421776796 48 0 0.0 0.08814705882352941
102.52814329696261 -36.08767758689402 -614.9979421776796 48 0 0.0 0.08814705882352941
116.1264432969626 -39.51017758689402 -754.9979421776796 48 0 0.0 0.08814705882352941
135.62344329696262 -44.09387758689402 -954.9979421776796 48 0 0.0 0.08814705882352941
155.2334432969626 -48.29337758689402 -1154.9979421776798 48 0 0.0 0.08814705882352941
259.6174432969626 -66.30117758689401 -2198.4979421776798 48 0 0.0 0.08814705882352941
260.6224432969626 -66.47147758689401 -2201.4979421776798 48 0 0.0 0.08814705882352941
301.0634432969626 -73.12167758689401 -2598.4979421776798 48 0 0.0 0.08814705882352941
301.22244329696264 -73.11487758689401 -2601.4979421776798 48 0 0.0 0.08814705882352941
38.60317317547516 30.55216110621985 -171.3594941287735 49 1 0.0 0.14697058823529413
39.602373175475165 31.03686110621985 -170.2253941287735 49 1 0.0 0.14697058823529413
76.31817317547515 47.50066110621985 -129.2376941287735 49 1 0.0 0.14697058823529413
116.55427317547517 63.86006110621985 -84.8543941287735 49 1 0.0 0.14697058823529413
168.02427317547514 82.60286110621985 -28.92339412877351 49 1 0.0 0.14697058823529413
250.90727317547515 107.68666110621984 59.40360587122649 49 1 0.0 0.14697058823529413
355.55827317547516 131.32326110621983 168.0036058712265 49 1 0.0 0.14697058823529413
489.77327317547514 148.92026110621987 305.8036058712265 49 1 0.0 0.14697058823529413
653.7232731754751 151.68526110621985 472.6036058712265 49 1 0.0 0.14697058823529413
824.7072731754752 132.86526110621986 645.2036058712265 49 1 0.0 0.14697058823529413
1029.6182731754752 80.35626110621985 862.0036058712265 49 1 0.0 0.14697058823529413
-33.291627280732975 -18.495917537881894 107.61109715527263 50 4 0.1471470588235294 0.32344117647058823
-64.55162728073297 -43.519517537881896 65.24779715527262 50 4 0.1471470588235294 0.32344117647058823
-96.97412728073297 -72.4219175378819 19.496697155272628 50 4 0.1471470588235294 0.32344117647058823
-136.34142728073297 -112.6382175378819 -39.91430284472739 50 4 0.1471470588235294 0.32344117647058823
-137.67942728073297 -114.1312175378819 -42.02430284472737 50 4 0.1471470588235294 0.32344117647058823
-189.82842728073297 -179.3192175378819 -130.58830284472737 50 4 0.1471470588235294 0.32344117647058823
-193.386427280733 -184.3972175378819 -136.9883028447274 50 4 0.1471470588235294 0.32344117647058823
-246.11542728073297 -271.7112175378819 -244.78830284472735 50 4 0.1471470588235294 0.32344117647058823
-299.334427280733 -405.7452175378819 -396.9883028447274 50 4 0.1471470588235294 0.32344117647058823
-328.253427280733 -572.7282175378818 -575.8683028447274 50 4 0.1471470588235294 0.32344117647058823
-317.47042728073296 -757.6672175378819 -768.1883028447273 50 4 0.1471470588235294 0.32344117647058823
-8.125459123232433 56.635971955986236 -595.7840892018692 51 13 0.6765588235294118 0.8528529411764705
-8.149459123232434 56.957671955986235 -599.7840892018692 51 13 0.6765588235294118 0.8528529411764705
-8.920639123232434 65.01317195598624 -695.7840892018692 51 13 0.6765588235294118 0.8528529411764705
-8.960239123232434 65.34767195598624 -699.7840892018692 51 13 0.6765588235294118 0.8528529411764705
-9.998409123232435 75.35257195598624 -819.7840892018692 51 13 0.6765588235294118 0.8528529411764705
-11.415879123232433 86.99047195598624 -959.7840892018692 51 13 0.6765588235294118 0.8528529411764705
-13.036109123232434 98.65557195598623 -1099.7840892018692 51 13 0.6765588235294118 0.8528529411764705
-15.656729123232434 114.76667195598624 -1295.7840892018692 51 13 0.6765588235294118 0.8528529411764705
-15.697909123232433 115.07767195598623 -1299.7840892018692 51 13 0.6765588235294118 0.8528529411764705
-18.66478912323243 131.11067195598622 -1495.7840892018692 51 13 0.6765588235294118 0.8528529411764705
-18.735489123232433 131.42467195598624 -1499.7840892018692 51 13 0.6765588235294118 0.8528529411764705
-44.62568912323243 243.64967195598626 -2943.2840892018694 51 13 0.6765588235294118 0.8528529411764705
-25.609240929514296 33.0588397768721 156.64135340514719 52 17 0.9118529411764706 1.0
-26.175840929514294 34.353439776872094 153.87565340514718 52 17 0.9118529411764706 1.0
-40.3324409295143 69.20873977687211 80.11265340514717 52 17 0.9118529411764706 1.0
-40.990540929514296 70.9414397768721 76.47165340514718 52 17 0.9118529411764706 1.0
-41.174140929514294 71.42053977687209 75.47265340514718 52 17 0.9118529411764706 1.0
-55.7697409295143 112.00503977687211 -9.226346594852828 52 17 0.9118529411764706 1.0
-71.6223409295143 164.9010397768721 -117.42634659485282 52 17 0.9118529411764706 1.0
-90.2357409295143 247.89203977687208 -283.94234659485284 52 17 0.9118529411764706 1.0
-91.23344092951429 253.6220397768721 -295.3423465948528 52 17 0.9118529411764706 1.0
-102.86314092951429 349.4920397768721 -483.1423465948528 52 17 0.9118529411764706 1.0
-101.88154092951429 498.7570397768721 -773.1423465948528 52 17 0.9118529411764706 1.0
-84.9413409295143 616.646039776872 -1003.6423465948528 52 17 0.9118529411764706 1.0
-47.7085409295143 758.357039776872 -1282.6423465948528 52 17 0.9118529411764706 1.0
10.405059070485704 894.6690397768721 -1579.6423465948528 52 17 0.9118529411764706 1.0
12.394059070485705 904.252039776872 -1587.6423465948528 52 17 0.9118529411764706 1.0
-5.460076123232434 -26.16582804401376 164.08391079813083 53 13 0.6765588235294118 0.8528529411764705
-5.840092023232434 -27.969728044013763 166.07691079813083 53 13 0.6765588235294118 0.8528529411764705
-16.287089123232434 -66.20462804401376 209.14391079813083 53 13 0.6765588235294118 0.8528529411764705
-32.387289123232435 -106.95332804401376 255.83591079813084 53 13 0.6765588235294118 0.8528529411764705
-33.21998912323244 -108.73632804401376 257.9279107981308 53 13 0.6765588235294118 0.8528529411764705
-60.11818912323243 -157.58332804401374 317.7189107981308 53 13 0.6765588235294118 0.8528529411764705
-119.47968912323245 -228.05432804401374 419.6159107981308 53 13 0.6765588235294118 0.8528529411764705
-124.61468912323244 -232.63832804401375 427.21591079813084 53 13 0.6765588235294118 0.8528529411764705
-210.63768912323243 -289.57332804401375 541.3359107981308 53 13 0.6765588235294118 0.8528529411764705
-27.375389123232434 -549.6883280440138 1220.7159107981308 53 13 0.6765588235294118 0.8528529411764705
5.544610876767566 -802.8433280440138 1499.7159107981308 53 13 0.6765588235294118 0.8528529411764705
