x y z track_id event_id time_left time_right
-115.88284 94.421646 -242.8721 0 10 0.5667666666666666 0.7665666666666666
-131.03394 108.36687 -243.1888 0 10 0.5667666666666666 0.7665666666666666
-146.06937 122.43387 -243.58566 0 10 0.5667666666666666 0.7665666666666666
-161.0001 136.61311 -243.76706 0 10 0.5667666666666666 0.7665666666666666
-175.92188 150.82182 -244.18573 0 10 0.5667666666666666 0.7665666666666666
-190.55681 165.29768 -244.51009 0 10 0.5667666666666666 0.7665666666666666
-205.401 179.61057 -244.70245 0 10 0.5667666666666666 0.7665666666666666
-219.76125 194.36429 -244.96123 0 10 0.5667666666666666 0.7665666666666666
-234.33984 208.94148 -245.31244 0 10 0.5667666666666666 0.7665666666666666
-248.7689 223.66449 -245.4385 0 10 0.5667666666666666 0.7665666666666666
-263.0702 238.51396 -245.8382 0 10 0.5667666666666666 0.7665666666666666
-277.2165 253.51453 -246.04924 0 10 0.5667666666666666 0.7665666666666666
-291.4324 268.4597 -246.45436 0 10 0.5667666666666666 0.7665666666666666
-305.2646 283.76572 -246.65837 0 10 0.5667666666666666 0.7665666666666666
-319.56088 298.6447 -247.04575 0 10 0.5667666666666666 0.7665666666666666
-333.24692 314.09637 -247.27623 0 10 0.5667666666666666 0.7665666666666666
-346.90552 329.57724 -247.58485 0 10 0.5667666666666666 0.7665666666666666
-360.5471 345.0748 -247.87624 0 10 0.5667666666666666 0.7665666666666666
0.0 0.0 0.0 0 10 0.5667666666666666 0.7665666666666666
-387.40085 376.47653 -248.49104 0 10 0.5667666666666666 0.7665666666666666
-400.7593 392.2375 -248.68637 0 10 0.5667666666666666 0.7665666666666666
-413.93887 408.167 -249.00497 0 10 0.5667666666666666 0.7665666666666666
-427.16043 424.0464 -249.28555 0 10 0.5667666666666666 0.7665666666666666
-440.2727 440.02298 -249.60178 0 10 0.5667666666666666 0.7665666666666666
-453.03372 456.33942 -249.82552 0 10 0.5667666666666666 0.7665666666666666
-465.8603 472.57745 -250.15434 0 10 0.5667666666666666 0.7665666666666666
-478.5852 488.90314 -250.58908 0 10 0.5667666666666666 0.7665666666666666
-491.0965 505.4306 -250.78607 0 10 0.5667666666666666 0.7665666666666666
-503.56415 521.9851 -251.01956 0 10 0.5667666666666666 0.7665666666666666
-516.1092 538.438 -251.1859 0 10 0.5667666666666666 0.7665666666666666
-528.3248 555.2117 -251.48938 0 10 0.5667666666666666 0.7665666666666666
0.0 0.0 0.0 0 10 0.5667666666666666 0.7665666666666666
0.0 0.0 0.0 0 10 0.5667666666666666 0.7665666666666666
-564.4461 605.9396 -252.56087 0 10 0.5667666666666666 0.7665666666666666
-576.44403 622.83606 -252.82126 0 10 0.5667666666666666 0.7665666666666666
-47.787064 -141.94504 167.89224 1 14 0.8334333333333334 1.0
-53.62559 -161.58592 200.91734 1 14 0.8334333333333334 1.0
-59.242077 -181.55923 233.79985 1 14 0.8334333333333334 1.0
-64.8294 -201.27803 266.74084 1 14 0.8334333333333334 1.0
-70.2301 -221.22415 299.68195 1 14 0.8334333333333334 1.0
-75.56719 -241.01192 332.61667 1 14 0.8334333333333334 1.0
-80.719444 -261.02414 365.46616 1 14 0.8334333333333334 1.0
-85.74354 -281.08154 398.49936 1 14 0.8334333333333334 1.0
-90.68687 -301.02588 431.4789 1 14 0.8334333333333334 1.0
-95.49022 -321.04916 464.6129 1 14 0.8334333333333334 1.0
-100.18363 -341.04962 497.47397 1 14 0.8334333333333334 1.0
-104.71349 -361.2088 530.5372 1 14 0.8334333333333334 1.0
-109.09438 -381.47934 563.4674 1 14 0.8334333333333334 1.0
-113.41056 -401.56476 596.35394 1 14 0.8334333333333334 1.0
-117.56231 -421.81284 629.5473 1 14 0.8334333333333334 1.0
-121.63626 -441.91266 662.43976 1 14 0.8334333333333334 1.0
-125.549484 -462.16113 695.5549 1 14 0.8334333333333334 1.0
-129.32594 -482.47235 728.5639 1 14 0.8334333333333334 1.0
-132.97617 -502.80646 761.63104 1 14 0.8334333333333334 1.0
-136.43246 -523.4214 794.74304 1 14 0.8334333333333334 1.0
-139.85461 -543.7052 827.7825 1 14 0.8334333333333334 1.0
-143.11798 -564.13257 860.8606 1 14 0.8334333333333334 1.0
-146.26407 -584.54126 893.8723 1 14 0.8334333333333334 1.0
-149.32434 -604.8005 927.06586 1 14 0.8334333333333334 1.0
-152.20686 -625.2791 960.1213 1 14 0.8334333333333334 1.0
-154.97453 -645.72186 993.2329 1 14 0.8334333333333334 1.0
-157.56787 -666.3763 1026.3547 1 14 0.8334333333333334 1.0
-160.03868 -687.0268 1059.3284 1 14 0.8334333333333334 1.0
-162.41359 -707.5548 1092.4619 1 14 0.8334333333333334 1.0
-164.67091 -728.04803 1125.7793 1 14 0.8334333333333334 1.0
-166.74908 -748.7788 1159.0696 1 14 0.8334333333333334 1.0
-168.7155 -769.4483 1192.0408 1 14 0.8334333333333334 1.0
-170.55144 -790.1378 1225.4388 1 14 0.8334333333333334 1.0
-172.29085 -810.6859 1258.7004 1 14 0.8334333333333334 1.0
0.0 0.0 0.0 1 14 0.8334333333333334 1.0
55.60557 -93.43005 -187.19092 2 10 0.5667666666666666 0.7665666666666666
68.22235 -109.67117 -178.51338 2 10 0.5667666666666666 0.7665666666666666
80.9045 -125.91787 -169.76659 2 10 0.5667666666666666 0.7665666666666666
93.776535 -141.97081 -161.35515 2 10 0.5667666666666666 0.7665666666666666
106.7151 -158.01755 -152.37189 2 10 0.5667666666666666 0.7665666666666666
0.0 0.0 0.0 2 10 0.5667666666666666 0.7665666666666666
133.09204 -189.63652 -135.1134 2 10 0.5667666666666666 0.7665666666666666
146.302 -205.53194 -126.60915 2 10 0.5667666666666666 0.7665666666666666
159.82005 -221.06717 -117.91513 2 10 0.5667666666666666 0.7665666666666666
173.38681 -236.60538 -108.99329 2 10 0.5667666666666666 0.7665666666666666
187.10744 -251.99933 -100.38108 2 10 0.5667666666666666 0.7665666666666666
201.03564 -267.1777 -91.74724 2 10 0.5667666666666666 0.7665666666666666
214.93575 -282.45264 -82.96244 2 10 0.5667666666666666 0.7665666666666666
229.09122 -297.44745 -74.23678 2 10 0.5667666666666666 0.7665666666666666
243.19061 -312.5667 -65.585915 2 10 0.5667666666666666 0.7665666666666666
257.52072 -327.43695 -56.824192 2 10 0.5667666666666666 0.7665666666666666
272.08298 -342.05942 -48.19457 2 10 0.5667666666666666 0.7665666666666666
286.4551 -356.9629 -39.507538 2 10 0.5667666666666666 0.7665666666666666
301.24048 -371.39023 -30.654123 2 10 0.5667666666666666 0.7665666666666666
315.96185 -385.93362 -21.947235 2 10 0.5667666666666666 0.7665666666666666
330.92538 -400.21478 -13.408505 2 10 0.5667666666666666 0.7665666666666666
345.9372 -414.469 -4.642751 2 10 0.5667666666666666 0.7665666666666666
361.0702 -428.6058 4.0239005 2 10 0.5667666666666666 0.7665666666666666
376.30444 -442.64746 12.756441 2 10 0.5667666666666666 0.7665666666666666
391.60544 -456.6323 21.509146 2 10 0.5667666666666666 0.7665666666666666
407.2415 -470.2474 30.235176 2 10 0.5667666666666666 0.7665666666666666
422.78055 -483.99286 38.95339 2 10 0.5667666666666666 0.7665666666666666
438.49487 -497.55185 47.88208 2 10 0.5667666666666666 0.7665666666666666
454.29187 -511.0289 56.572723 2 10 0.5667666666666666 0.7665666666666666
470.26703 -524.31525 65.28951 2 10 0.5667666666666666 0.7665666666666666
486.31018 -537.53314 74.17783 2 10 0.5667666666666666 0.7665666666666666
502.62787 -550.4537 82.8659 2 10 0.5667666666666666 0.7665666666666666
518.8066 -563.5291 91.87962 2 10 0.5667666666666666 0.7665666666666666
535.28357 -576.2802 100.632324 2 10 0.5667666666666666 0.7665666666666666
551.66187 -589.1345 109.3384 2 10 0.5667666666666666 0.7665666666666666
-88.457954 92.78094 -250.05637 3 5 0.23343333333333333 0.4332333333333333
-104.61511 105.50469 -285.20856 3 5 0.23343333333333333 0.4332333333333333
-120.9632 118.07378 -320.1242 3 5 0.23343333333333333 0.4332333333333333
-137.0552 130.94043 -355.20853 3 5 0.23343333333333333 0.4332333333333333
-152.9761 144.01479 -390.14108 3 5 0.23343333333333333 0.4332333333333333
-168.89513 157.13646 -425.27005 3 5 0.23343333333333333 0.4332333333333333
-184.6691 170.43878 -460.13913 3 5 0.23343333333333333 0.4332333333333333
-200.18733 184.02057 -495.28162 3 5 0.23343333333333333 0.4332333333333333
-215.65492 197.6904 -530.31525 3 5 0.23343333333333333 0.4332333333333333
-231.0287 211.48615 -565.48157 3 5 0.23343333333333333 0.4332333333333333
-246.22339 225.48352 -600.58545 3 5 0.23343333333333333 0.4332333333333333
-261.3153 239.61021 -635.60254 3 5 0.23343333333333333 0.4332333333333333
-276.0795 254.07063 -670.9239 3 5 0.23343333333333333 0.4332333333333333
-290.7995 268.6023 -705.88824 3 5 0.23343333333333333 0.4332333333333333
-305.33633 283.3309 -741.30597 3 5 0.23343333333333333 0.4332333333333333
-319.85483 298.1011 -776.12146 3 5 0.23343333333333333 0.4332333333333333
-334.05777 313.18713 -811.62177 3 5 0.23343333333333333 0.4332333333333333
-348.32492 328.23154 -846.71454 3 5 0.23343333333333333 0.4332333333333333
-362.26434 343.59985 -881.9984 3 5 0.23343333333333333 0.4332333333333333
-376.17673 359.00595 -917.4304 3 5 0.23343333333333333 0.4332333333333333
-389.87097 374.62863 -952.8777 3 5 0.23343333333333333 0.4332333333333333
-403.41028 390.40558 -987.93066 3 5 0.23343333333333333 0.4332333333333333
-416.67368 406.4523 -1023.27655 3 5 0.23343333333333333 0.4332333333333333
-430.0188 422.4177 -1058.6868 3 5 0.23343333333333333 0.4332333333333333
-443.0828 438.653 -1094.2837 3 5 0.23343333333333333 0.4332333333333333
-455.98395 455.04053 -1129.5863 3 5 0.23343333333333333 0.4332333333333333
-468.7702 471.52954 -1164.9794 3 5 0.23343333333333333 0.4332333333333333
-481.32022 488.23938 -1200.5692 3 5 0.23343333333333333 0.4332333333333333
0.0 0.0 0.0 3 5 0.23343333333333333 0.4332333333333333
-505.82385 522.20264 -1271.6818 3 5 0.23343333333333333 0.4332333333333333
-517.98596 539.23553 -1307.1686 3 5 0.23343333333333333 0.4332333333333333
-529.82697 556.56964 -1342.7712 3 5 0.23343333333333333 0.4332333333333333
-541.65076 573.8844 -1378.6993 3 5 0.23343333333333333 0.4332333333333333
-553.13324 591.51917 -1414.3488 3 5 0.23343333333333333 0.4332333333333333
-564.5575 609.1706 -1450.0596 3 5 0.23343333333333333 0.4332333333333333
37.79968 -105.95124 86.4827 4 9 0.5001 0.6999
45.38617 -125.211464 88.9399 4 9 0.5001 0.6999
53.108448 -144.3532 91.049805 4 9 0.5001 0.6999
61.00142 -163.28587 93.39177 4 9 0.5001 0.6999
69.004364 -182.17534 95.66222 4 9 0.5001 0.6999
0.0 0.0 0.0 4 9 0.5001 0.6999
85.26559 -220.01245 99.91132 4 9 0.5001 0.6999
93.50299 -239.00735 102.2617 4 9 0.5001 0.6999
101.93379 -257.739 104.6748 4 9 0.5001 0.6999
110.4401 -276.50824 106.693184 4 9 0.5001 0.6999
119.10516 -295.10526 108.952095 4 9 0.5001 0.6999
127.73613 -314.00647 111.26779 4 9 0.5001 0.6999
136.58531 -332.58713 113.41477 4 9 0.5001 0.6999
145.55316 -351.0939 115.88864 4 9 0.5001 0.6999
154.56409 -369.70737 118.06024 4 9 0.5001 0.6999
163.80934 -387.96924 120.21081 4 9 0.5001 0.6999
173.00386 -406.55634 122.437164 4 9 0.5001 0.6999
182.3559 -424.973 124.6958 4 9 0.5001 0.6999
191.78477 -443.40778 127.0262 4 9 0.5001 0.6999
201.43684 -461.5228 129.24973 4 9 0.5001 0.6999
211.08408 -479.84204 131.60095 4 9 0.5001 0.6999
220.83873 -498.10535 133.65015 4 9 0.5001 0.6999
230.7362 -516.2328 135.78963 4 9 0.5001 0.6999
240.8253 -534.11725 138.36949 4 9 0.5001 0.6999
250.90099 -552.2137 140.33762 4 9 0.5001 0.6999
261.12155 -570.1693 142.59697 4 9 0.5001 0.6999
271.40472 -588.1635 144.83734 4 9 0.5001 0.6999
0.0 0.0 0.0 4 9 0.5001 0.6999
292.4442 -623.6472 149.53157 4 9 0.5001 0.6999
302.98245 -641.60187 151.9741 4 9 0.5001 0.6999
0.0 0.0 0.0 4 9 0.5001 0.6999
324.70776 -676.6345 156.24495 4 9 0.5001 0.6999
0.0 0.0 0.0 4 9 0.5001 0.6999
346.63016 -711.8999 160.75023 4 9 0.5001 0.6999
357.7754 -729.3869 162.92914 4 9 0.5001 0.6999
0.0 0.0 0.0 5 6 0.30010000000000003 0.4999
113.695015 127.19158 -285.68372 5 6 0.30010000000000003 0.4999
127.16821 142.7485 -309.23132 5 6 0.30010000000000003 0.4999
140.42805 158.52623 -332.59616 5 6 0.30010000000000003 0.4999
153.74635 174.21849 -355.9961 5 6 0.30010000000000003 0.4999
166.99385 189.96976 -379.51172 5 6 0.30010000000000003 0.4999
180.04938 205.91792 -402.99576 5 6 0.30010000000000003 0.4999
193.12509 221.8206 -426.40036 5 6 0.30010000000000003 0.4999
206.06631 237.8542 -449.88992 5 6 0.30010000000000003 0.4999
219.00082 253.87096 -473.26868 5 6 0.30010000000000003 0.4999
231.7596 270.06613 -496.76157 5 6 0.30010000000000003 0.4999
244.5184 286.235 -520.2983 5 6 0.30010000000000003 0.4999
257.1368 302.54092 -543.5597 5 6 0.30010000000000003 0.4999
269.7447 318.8309 -567.3794 5 6 0.30010000000000003 0.4999
282.0616 335.43646 -590.6528 5 6 0.30010000000000003 0.4999
294.65463 351.6836 -614.01874 5 6 0.30010000000000003 0.4999
306.96835 368.232 -637.68494 5 6 0.30010000000000003 0.4999
319.1152 384.9491 -661.0766 5 6 0.30010000000000003 0.4999
331.44757 401.4089 -684.5049 5 6 0.30010000000000003 0.4999
343.50552 418.16617 -707.9744 5 6 0.30010000000000003 0.4999
355.43405 435.04642 -731.4188 5 6 0.30010000000000003 0.4999
367.40588 451.8376 -754.9279 5 6 0.30010000000000003 0.4999
0.0 0.0 0.0 5 6 0.30010000000000003 0.4999
391.06464 485.6567 -802.0037 5 6 0.30010000000000003 0.4999
402.70496 502.74213 -825.26074 5 6 0.30010000000000003 0.4999
414.32126 519.81726 -849.0967 5 6 0.30010000000000003 0.4999
425.9904 536.7836 -872.4618 5 6 0.30010000000000003 0.4999
437.3827 554.05566 -896.1399 5 6 0.30010000000000003 0.4999
448.7761 571.2827 -919.7235 5 6 0.30010000000000003 0.4999
460.16956 588.4639 -943.1822 5 6 0.30010000000000003 0.4999
471.23016 606.02527 -966.6673 5 6 0.30010000000000003 0.4999
482.47324 623.305 -990.1516 5 6 0.30010000000000003 0.4999
493.39178 640.9558 -1013.811 5 6 0.30010000000000003 0.4999
504.5815 658.20447 -1037.3062 5 6 0.30010000000000003 0.4999
515.3683 675.9276 -1060.8914 5 6 0.30010000000000003 0.4999
128.22025 -65.39236 -361.52246 6 11 0.6334333333333333 0.8332333333333333
146.10307 -75.668396 -371.77206 6 11 0.6334333333333333 0.8332333333333333
163.93678 -86.04999 -382.17026 6 11 0.6334333333333333 0.8332333333333333
181.51463 -96.6464 -392.48914 6 11 0.6334333333333333 0.8332333333333333
199.2161 -107.25627 -402.7158 6 11 0.6334333333333333 0.8332333333333333
216.73903 -118.04007 -413.282 6 11 0.6334333333333333 0.8332333333333333
234.11081 -128.98412 -423.42368 6 11 0.6334333333333333 0.8332333333333333
251.47934 -140.00691 -434.0386 6 11 0.6334333333333333 0.8332333333333333
268.98163 -151.02988 -444.31238 6 11 0.6334333333333333 0.8332333333333333
286.3327 -162.21065 -454.56873 6 11 0.6334333333333333 0.8332333333333333
303.4222 -173.61304 -464.89517 6 11 0.6334333333333333 0.8332333333333333
320.8003 -184.92207 -475.48154 6 11 0.6334333333333333 0.8332333333333333
337.83075 -196.5018 -485.74136 6 11 0.6334333333333333 0.8332333333333333
354.78027 -208.19936 -496.03912 6 11 0.6334333333333333 0.8332333333333333
371.81177 -219.91783 -506.50128 6 11 0.6334333333333333 0.8332333333333333
388.59018 -231.8542 -516.807 6 11 0.6334333333333333 0.8332333333333333
405.39807 -243.84059 -527.2565 6 11 0.6334333333333333 0.8332333333333333
422.17313 -255.91264 -537.4475 6 11 0.6334333333333333 0.8332333333333333
438.88385 -268.08838 -547.9858 6 11 0.6334333333333333 0.8332333333333333
455.27286 -280.5255 -558.34344 6 11 0.6334333333333333 0.8332333333333333
471.85233 -292.90912 -568.7012 6 11 0.6334333333333333 0.8332333333333333
488.42953 -305.35526 -579.14087 6 11 0.6334333333333333 0.8332333333333333
504.69907 -318.05466 -589.59143 6 11 0.6334333333333333 0.8332333333333333
521.1516 -330.69852 -599.85126 6 11 0.6334333333333333 0.8332333333333333
537.24976 -343.62613 -610.3704 6 11 0.6334333333333333 0.8332333333333333
553.2961 -356.64587 -620.661 6 11 0.6334333333333333 0.8332333333333333
569.3494 -369.7185 -631.1823 6 11 0.6334333333333333 0.8332333333333333
585.42035 -382.8352 -641.43005 6 11 0.6334333333333333 0.8332333333333333
601.2132 -396.18872 -651.7874 6 11 0.6334333333333333 0.8332333333333333
616.9522 -409.6324 -662.3435 6 11 0.6334333333333333 0.8332333333333333
632.6891 -423.1306 -672.8559 6 11 0.6334333333333333 0.8332333333333333
648.2772 -436.78033 -683.1142 6 11 0.6334333333333333 0.8332333333333333
664.0461 -450.35828 -693.55273 6 11 0.6334333333333333 0.8332333333333333
679.53253 -464.17633 -704.26825 6 11 0.6334333333333333 0.8332333333333333
694.8401 -478.1656 -714.56067 6 11 0.6334333333333333 0.8332333333333333
131.15462 -48.539486 -336.96243 7 14 0.8334333333333334 1.0
150.53845 -55.065506 -377.13208 7 14 0.8334333333333334 1.0
169.94977 -61.670277 -417.73776 7 14 0.8334333333333334 1.0
189.71211 -68.23809 -458.20746 7 14 0.8334333333333334 1.0
209.10938 -75.02747 -498.48538 7 14 0.8334333333333334 1.0
228.43958 -81.93023 -538.8218 7 14 0.8334333333333334 1.0
247.67969 -88.95447 -579.37585 7 14 0.8334333333333334 1.0
267.21146 -95.96298 -619.4372 7 14 0.8334333333333334 1.0
286.46097 -103.16152 -659.86975 7 14 0.8334333333333334 1.0
305.60117 -110.48799 -700.158 7 14 0.8334333333333334 1.0
325.1189 -117.76599 -740.4834 7 14 0.8334333333333334 1.0
0.0 0.0 0.0 7 14 0.8334333333333334 1.0
363.4668 -132.83356 -821.46844 7 14 0.8334333333333334 1.0
382.5594 -140.52798 -861.8236 7 14 0.8334333333333334 1.0
401.43015 -148.3912 -902.2957 7 14 0.8334333333333334 1.0
420.7965 -156.15761 -942.602 7 14 0.8334333333333334 1.0
439.6917 -164.18472 -983.1708 7 14 0.8334333333333334 1.0
458.5885 -172.29742 -1023.4412 7 14 0.8334333333333334 1.0
477.5079 -180.48723 -1064.0027 7 14 0.8334333333333334 1.0
496.6009 -188.69609 -1104.2551 7 14 0.8334333333333334 1.0
515.3762 -197.11015 -1144.9077 7 14 0.8334333333333334 1.0
534.0879 -205.63332 -1185.4612 7 14 0.8334333333333334 1.0
552.8841 -214.20808 -1225.677 7 14 0.8334333333333334 1.0
571.755 -222.8371 -1266.082 7 14 0.8334333333333334 1.0
590.31744 -231.66954 -1306.445 7 14 0.8334333333333334 1.0
608.9458 -240.55931 -1347.0393 7 14 0.8334333333333334 1.0
627.48126 -249.56845 -1387.629 7 14 0.8334333333333334 1.0
646.2388 -258.571 -1428.1985 7 14 0.8334333333333334 1.0
664.68475 -267.77957 -1468.5522 7 14 0.8334333333333334 1.0
683.1907 -277.04535 -1509.1293 7 14 0.8334333333333334 1.0
701.6636 -286.40515 -1549.7023 7 14 0.8334333333333334 1.0
719.7314 -296.01154 -1590.1943 7 14 0.8334333333333334 1.0
738.18 -305.54202 -1630.724 7 14 0.8334333333333334 1.0
756.69867 -315.12222 -1671.3629 7 14 0.8334333333333334 1.0
774.865 -324.928 -1711.9257 7 14 0.8334333333333334 1.0
113.60917 -31.636036 31.064993 8 9 0.5001 0.6999
132.63771 -39.578587 24.593634 8 9 0.5001 0.6999
151.60197 -47.620853 18.021734 8 9 0.5001 0.6999
170.42207 -55.79006 11.711751 8 9 0.5001 0.6999
189.18439 -64.06024 5.3934054 8 9 0.5001 0.6999
208.24571 -72.30732 -1.1416957 8 9 0.5001 0.6999
226.99884 -80.738205 -7.8242044 8 9 0.5001 0.6999
245.77078 -89.24055 -14.087681 8 9 0.5001 0.6999
264.53314 -97.823296 -20.577347 8 9 0.5001 0.6999
283.13535 -106.54226 -27.149387 8 9 0.5001 0.6999
301.8729 -115.286446 -33.56302 8 9 0.5001 0.6999
320.4294 -124.17523 -39.95155 8 9 0.5001 0.6999
338.8386 -133.19739 -46.454468 8 9 0.5001 0.6999
357.6281 -142.14427 -52.84273 8 9 0.5001 0.6999
375.97305 -151.34157 -59.290897 8 9 0.5001 0.6999
394.24597 -160.64304 -65.91063 8 9 0.5001 0.6999
412.54086 -170.01006 -72.24742 8 9 0.5001 0.6999
431.11838 -179.33296 -78.773094 8 9 0.5001 0.6999
449.2257 -188.92372 -85.17668 8 9 0.5001 0.6999
467.77444 -198.40054 -91.59886 8 9 0.5001 0.6999
486.0788 -208.05103 -98.21465 8 9 0.5001 0.6999
504.06058 -217.91115 -104.6548 8 9 0.5001 0.6999
522.16016 -227.79175 -111.20026 8 9 0.5001 0.6999
540.21844 -237.76068 -117.6852 8 9 0.5001 0.6999
558.2998 -247.78906 -124.111374 8 9 0.5001 0.6999
576.1863 -257.97333 -130.6095 8 9 0.5001 0.6999
594.23 -268.15598 -137.15726 8 9 0.5001 0.6999
612.1428 -278.46555 -143.60704 8 9 0.5001 0.6999
630.01587 -288.86087 -149.94383 8 9 0.5001 0.6999
647.7968 -299.3658 -156.48764 8 9 0.5001 0.6999
0.0 0.0 0.0 8 9 0.5001 0.6999
683.2275 -320.63712 -169.71837 8 9 0.5001 0.6999
700.9996 -331.34494 -176.03703 8 9 0.5001 0.6999
718.40106 -342.29385 -182.41142 8 9 0.5001 0.6999
736.0291 -353.20035 -188.87076 8 9 0.5001 0.6999
-102.845665 -97.86552 -164.59486 9 8 0.43343333333333334 0.6332333333333333
-117.88419 -111.939514 -171.47119 9 8 0.43343333333333334 0.6332333333333333
-132.81773 -126.12339 -178.08739 9 8 0.43343333333333334 0.6332333333333333
-147.44342 -140.60977 -185.0031 9 8 0.43343333333333334 0.6332333333333333
-162.06003 -155.11397 -191.69577 9 8 0.43343333333333334 0.6332333333333333
-176.79341 -169.51459 -198.49864 9 8 0.43343333333333334 0.6332333333333333
-191.49849 -183.94873 -205.23535 9 8 0.43343333333333334 0.6332333333333333
-205.96445 -198.61836 -211.89275 9 8 0.43343333333333334 0.6332333333333333
-220.31158 -213.40802 -218.86378 9 8 0.43343333333333334 0.6332333333333333
-234.7927 -228.07182 -225.60297 9 8 0.43343333333333334 0.6332333333333333
-249.02298 -242.98198 -232.4846 9 8 0.43343333333333334 0.6332333333333333
-263.1898 -257.95627 -239.48778 9 8 0.43343333333333334 0.6332333333333333
-277.31873 -272.96857 -246.1357 9 8 0.43343333333333334 0.6332333333333333
-291.2759 -288.15 -253.10368 9 8 0.43343333333333334 0.6332333333333333
-305.28986 -303.27396 -259.55582 9 8 0.43343333333333334 0.6332333333333333
-319.07367 -318.6243 -266.623 9 8 0.43343333333333334 0.6332333333333333
0.0 0.0 0.0 9 8 0.43343333333333334 0.6332333333333333
-346.47736 -349.47888 -280.18213 9 8 0.43343333333333334 0.6332333333333333
-360.147 -364.93042 -287.04233 9 8 0.43343333333333334 0.6332333333333333
-373.72522 -380.46716 -293.71838 9 8 0.43343333333333334 0.6332333333333333
-387.0449 -396.25952 -300.4581 9 8 0.43343333333333334 0.6332333333333333
-400.39883 -412.00818 -307.44562 9 8 0.43343333333333334 0.6332333333333333
-413.68826 -427.81277 -314.15475 9 8 0.43343333333333334 0.6332333333333333
-426.81006 -443.77936 -320.93857 9 8 0.43343333333333334 0.6332333333333333
-439.85822 -459.81033 -327.72855 9 8 0.43343333333333334 0.6332333333333333
-452.84998 -475.88663 -334.51132 9 8 0.43343333333333334 0.6332333333333333
-465.81476 -491.97592 -341.68103 9 8 0.43343333333333334 0.6332333333333333
-478.6648 -508.16962 -348.2084 9 8 0.43343333333333334 0.6332333333333333
-491.35928 -524.51105 -354.94852 9 8 0.43343333333333334 0.6332333333333333
-503.85123 -541.051 -361.9491 9 8 0.43343333333333334 0.6332333333333333
-516.38745 -557.5244 -368.68683 9 8 0.43343333333333334 0.6332333333333333
0.0 0.0 0.0 9 8 0.43343333333333334 0.6332333333333333
0.0 0.0 0.0 9 8 0.43343333333333334 0.6332333333333333
-553.6506 -607.1847 -389.28513 9 8 0.43343333333333334 0.6332333333333333
-565.7272 -624.0665 -396.15335 9 8 0.43343333333333334 0.6332333333333333
53.19912 134.37093 156.26233 10 1 0.0 0.16656666666666667
60.479813 153.60577 154.05894 10 1 0.0 0.16656666666666667
68.061745 172.43364 152.08443 10 1 0.0 0.16656666666666667
75.450424 192.10968 150.10022 10 1 0.0 0.16656666666666667
83.25055 211.09557 148.18307 10 1 0.0 0.16656666666666667
91.17192 230.12666 146.14552 10 1 0.0 0.16656666666666667
99.3105 248.9592 144.2515 10 1 0.0 0.16656666666666667
107.61953 267.7104 142.11888 10 1 0.0 0.16656666666666667
115.9972 286.6307 140.27542 10 1 0.0 0.16656666666666667
124.59316 305.34592 138.23161 10 1 0.0 0.16656666666666667
133.31023 324.09384 136.26302 10 1 0.0 0.16656666666666667
142.16754 342.82385 134.21342 10 1 0.0 0.16656666666666667
151.29182 361.22992 132.1191 10 1 0.0 0.16656666666666667
160.48204 379.79282 129.9816 10 1 0.0 0.16656666666666667
169.88443 398.1616 128.15965 10 1 0.0 0.16656666666666667
179.403 416.5606 126.13487 10 1 0.0 0.16656666666666667
189.08543 434.8754 124.31771 10 1 0.0 0.16656666666666667
198.99048 452.9706 122.22666 10 1 0.0 0.16656666666666667
209.0179 471.07455 120.24653 10 1 0.0 0.16656666666666667
219.21295 489.08182 118.20654 10 1 0.0 0.16656666666666667
229.47157 507.2211 116.229485 10 1 0.0 0.16656666666666667
240.02551 524.9773 114.194244 10 1 0.0 0.16656666666666667
250.67497 542.7902 112.04294 10 1 0.0 0.16656666666666667
261.4926 560.49817 110.052155 10 1 0.0 0.16656666666666667
272.4499 578.16046 108.3556 10 1 0.0 0.16656666666666667
283.64313 595.5719 106.24138 10 1 0.0 0.16656666666666667
0.0 0.0 0.0 10 1 0.0 0.16656666666666667
306.3093 630.536 102.08684 10 1 0.0 0.16656666666666667
317.9232 647.78986 100.256516 10 1 0.0 0.16656666666666667
329.69458 664.9516 97.9727 10 1 0.0 0.16656666666666667
341.60034 682.0657 96.12464 10 1 0.0 0.16656666666666667
353.60498 699.1991 93.939186 10 1 0.0 0.16656666666666667
365.94598 715.8821 92.129456 10 1 0.0 0.16656666666666667
378.24637 732.8537 90.09439 10 1 0.0 0.16656666666666667
390.846 749.4489 87.973076 10 1 0.0 0.16656666666666667
-44.227303 -137.37067 -382.404 11 8 0.43343333333333334 0.6332333333333333
-48.870304 -157.52165 -420.10327 11 8 0.43343333333333334 0.6332333333333333
-52.871193 -177.95732 -458.2059 11 8 0.43343333333333334 0.6332333333333333
-56.239086 -198.62633 -496.34863 11 8 0.43343333333333334 0.6332333333333333
-59.138596 -218.894 -534.55084 11 8 0.43343333333333334 0.6332333333333333
-61.242382 -239.91188 -572.7016 11 8 0.43343333333333334 0.6332333333333333
-62.772842 -260.82733 -610.9929 11 8 0.43343333333333334 0.6332333333333333
-63.70107 -281.68286 -649.3819 11 8 0.43343333333333334 0.6332333333333333
-63.89565 -303.0207 -688.00354 11 8 0.43343333333333334 0.6332333333333333
-63.505653 -324.1216 -726.6458 11 8 0.43343333333333334 0.6332333333333333
-62.501793 -345.0169 -765.5772 11 8 0.43343333333333334 0.6332333333333333
-60.720802 -366.5609 -804.7312 11 8 0.43343333333333334 0.6332333333333333
-58.304573 -387.93057 -843.7776 11 8 0.43343333333333334 0.6332333333333333
-55.259106 -408.94162 -883.3209 11 8 0.43343333333333334 0.6332333333333333
-51.445023 -430.53607 -922.9171 11 8 0.43343333333333334 0.6332333333333333
-46.973995 -451.81033 -962.7375 11 8 0.43343333333333334 0.6332333333333333
-41.806385 -472.9459 -1002.71344 11 8 0.43343333333333334 0.6332333333333333
0.0 0.0 0.0 11 8 0.43343333333333334 0.6332333333333333
-29.297333 -515.2781 -1083.7603 11 8 0.43343333333333334 0.6332333333333333
-21.951696 -536.2983 -1124.3525 11 8 0.43343333333333334 0.6332333333333333
-13.860273 -557.411 -1165.2963 11 8 0.43343333333333334 0.6332333333333333
-5.027016 -578.1659 -1206.6449 11 8 0.43343333333333334 0.6332333333333333
4.5667844 -598.85223 -1248.4178 11 8 0.43343333333333334 0.6332333333333333
0.0 0.0 0.0 11 8 0.43343333333333334 0.6332333333333333
26.070063 -639.7333 -1332.9294 11 8 0.43343333333333334 0.6332333333333333
38.01022 -659.7085 -1375.719 11 8 0.43343333333333334 0.6332333333333333
50.73892 -679.6943 -1418.8993 11 8 0.43343333333333334 0.6332333333333333
64.29041 -699.2873 -1462.4884 11 8 0.43343333333333334 0.6332333333333333
78.66829 -718.60815 -1506.5084 11 8 0.43343333333333334 0.6332333333333333
93.89451 -737.5564 -1551.1859 11 8 0.43343333333333334 0.6332333333333333
109.963425 -756.2612 -1595.9613 11 8 0.43343333333333334 0.6332333333333333
126.91853 -774.4848 -1641.648 11 8 0.43343333333333334 0.6332333333333333
144.75308 -792.3517 -1688.1364 11 8 0.43343333333333334 0.6332333333333333
163.45216 -809.9715 -1734.8009 11 8 0.43343333333333334 0.6332333333333333
183.11078 -826.90826 -1782.2592 11 8 0.43343333333333334 0.6332333333333333
90.62423 119.071 -336.72235 12 0 0.0 0.0999
102.66227 135.68869 -347.53317 12 0 0.0 0.0999
114.50895 152.50429 -358.53772 12 0 0.0 0.0999
126.14932 169.54073 -369.44382 12 0 0.0 0.0999
137.75497 186.56851 -380.27136 12 0 0.0 0.0999
149.14767 203.82843 -391.02295 12 0 0.0 0.0999
160.72067 220.78319 -401.95227 12 0 0.0 0.0999
172.1742 237.839 -412.8922 12 0 0.0 0.0999
183.30269 255.28217 -423.8342 12 0 0.0 0.0999
194.44423 272.6448 -434.6884 12 0 0.0 0.0999
205.75931 289.69724 -445.41626 12 0 0.0 0.0999
216.64441 307.28775 -456.48907 12 0 0.0 0.0999
227.48921 324.8685 -467.3091 12 0 0.0 0.0999
238.35995 342.34232 -478.27283 12 0 0.0 0.0999
249.207 359.7771 -489.03345 12 0 0.0 0.0999
259.7176 377.6251 -499.95078 12 0 0.0 0.0999
270.2533 395.36313 -510.93234 12 0 0.0 0.0999
0.0 0.0 0.0 12 0 0.0 0.0999
291.07806 430.97092 -532.7804 12 0 0.0 0.0999
301.3842 448.81326 -543.7425 12 0 0.0 0.0999
311.57898 466.74014 -554.4753 12 0 0.0 0.0999
321.61545 484.8222 -565.36005 12 0 0.0 0.0999
331.60132 502.89706 -576.2591 12 0 0.0 0.0999
341.5593 520.9282 -587.17975 12 0 0.0 0.0999
0.0 0.0 0.0 12 0 0.0 0.0999
361.074 557.33954 -609.2048 12 0 0.0 0.0999
370.64102 575.70447 -620.0828 12 0 0.0 0.0999
380.17993 594.02136 -630.9615 12 0 0.0 0.0999
389.50336 612.5823 -641.9823 12 0 0.0 0.0999
398.9792 630.8079 -652.9697 12 0 0.0 0.0999
408.156 649.40875 -663.794 12 0 0.0 0.0999
417.21246 668.10394 -674.58295 12 0 0.0 0.0999
0.0 0.0 0.0 12 0 0.0 0.0999
435.2727 705.27747 -696.53815 12 0 0.0 0.0999
444.20728 723.8624 -707.4372 12 0 0.0 0.0999
119.524155 -83.86834 257.46387 13 2 0.03343333333333333 0.23323333333333335
136.5701 -95.579666 266.31534 13 2 0.03343333333333333 0.23323333333333335
153.25957 -107.49749 275.86862 13 2 0.03343333333333333 0.23323333333333335
170.2662 -119.14877 284.99548 13 2 0.03343333333333333 0.23323333333333335
187.30537 -130.7327 294.20782 13 2 0.03343333333333333 0.23323333333333335
204.39388 -142.23697 303.38577 13 2 0.03343333333333333 0.23323333333333335
221.51163 -153.67494 312.86746 13 2 0.03343333333333333 0.23323333333333335
0.0 0.0 0.0 13 2 0.03343333333333333 0.23323333333333335
255.87427 -176.3219 331.32272 13 2 0.03343333333333333 0.23323333333333335
273.24313 -187.44456 340.47116 13 2 0.03343333333333333 0.23323333333333335
290.49142 -198.60114 349.69644 13 2 0.03343333333333333 0.23323333333333335
308.25 -209.36066 359.08075 13 2 0.03343333333333333 0.23323333333333335
325.54965 -220.38261 368.11523 13 2 0.03343333333333333 0.23323333333333335
343.13068 -231.16309 377.52066 13 2 0.03343333333333333 0.23323333333333335
360.91107 -241.7587 386.905 13 2 0.03343333333333333 0.23323333333333335
378.56473 -252.38779 395.9018 13 2 0.03343333333333333 0.23323333333333335
396.14844 -263.0104 405.29477 13 2 0.03343333333333333 0.23323333333333335
414.0577 -273.36362 414.62122 13 2 0.03343333333333333 0.23323333333333335
431.89044 -283.7138 423.94336 13 2 0.03343333333333333 0.23323333333333335
449.8706 -293.91272 433.19516 13 2 0.03343333333333333 0.23323333333333335
467.91278 -304.01636 442.3117 13 2 0.03343333333333333 0.23323333333333335
485.89062 -314.10602 451.48514 13 2 0.03343333333333333 0.23323333333333335
503.73938 -324.2216 460.80585 13 2 0.03343333333333333 0.23323333333333335
522.08606 -333.95953 470.18857 13 2 0.03343333333333333 0.23323333333333335
540.27936 -343.73846 479.45352 13 2 0.03343333333333333 0.23323333333333335
558.40326 -353.5025 488.63925 13 2 0.03343333333333333 0.23323333333333335
576.805 -363.03134 498.0522 13 2 0.03343333333333333 0.23323333333333335
594.9429 -372.666 507.0493 13 2 0.03343333333333333 0.23323333333333335
613.4403 -382.01447 516.6169 13 2 0.03343333333333333 0.23323333333333335
632.0996 -391.20187 525.9105 13 2 0.03343333333333333 0.23323333333333335
650.54095 -400.46274 535.187 13 2 0.03343333333333333 0.23323333333333335
669.20465 -409.5242 544.25037 13 2 0.03343333333333333 0.23323333333333335
687.5235 -418.7328 553.62646 13 2 0.03343333333333333 0.23323333333333335
706.3292 -427.58054 563.0539 13 2 0.03343333333333333 0.23323333333333335
725.14606 -436.35776 572.27185 13 2 0.03343333333333333 0.23323333333333335
146.30338 26.310566 115.018814 14 2 0.03343333333333333 0.23323333333333335
166.45898 29.992922 104.27485 14 2 0.03343333333333333 0.23323333333333335
186.59306 33.77417 93.61955 14 2 0.03343333333333333 0.23323333333333335
207.02924 37.595554 82.97383 14 2 0.03343333333333333 0.23323333333333335
227.35843 41.53065 72.03601 14 2 0.03343333333333333 0.23323333333333335
247.19682 45.65034 61.545567 14 2 0.03343333333333333 0.23323333333333335
267.6413 49.75278 50.52954 14 2 0.03343333333333333 0.23323333333333335
0.0 0.0 0.0 14 2 0.03343333333333333 0.23323333333333335
307.73782 58.387333 29.100412 14 2 0.03343333333333333 0.23323333333333335
328.03754 62.797886 18.643415 14 2 0.03343333333333333 0.23323333333333335
348.22354 67.323425 7.7223616 14 2 0.03343333333333333 0.23323333333333335
368.28964 71.96559 -2.904643 14 2 0.03343333333333333 0.23323333333333335
388.26886 76.71835 -13.830698 14 2 0.03343333333333333 0.23323333333333335
408.15335 81.58357 -24.468145 14 2 0.03343333333333333 0.23323333333333335
428.3387 86.48174 -35.206944 14 2 0.03343333333333333 0.23323333333333335
448.2764 91.5226 -45.799393 14 2 0.03343333333333333 0.23323333333333335
468.10495 96.67893 -56.658436 14 2 0.03343333333333333 0.23323333333333335
488.0518 101.903755 -67.44256 14 2 0.03343333333333333 0.23323333333333335
508.277 107.1622 -78.26236 14 2 0.03343333333333333 0.23323333333333335
528.0144 112.61548 -88.964966 14 2 0.03343333333333333 0.23323333333333335
547.9536 118.11801 -99.68003 14 2 0.03343333333333333 0.23323333333333335
567.7433 123.74464 -110.61558 14 2 0.03343333333333333 0.23323333333333335
587.5526 129.45886 -121.16904 14 2 0.03343333333333333 0.23323333333333335
607.35944 135.26518 -132.00618 14 2 0.03343333333333333 0.23323333333333335
627.12274 141.17252 -142.7244 14 2 0.03343333333333333 0.23323333333333335
647.03217 147.13776 -153.5907 14 2 0.03343333333333333 0.23323333333333335
666.6568 153.25858 -164.24605 14 2 0.03343333333333333 0.23323333333333335
686.29126 159.46826 -175.21974 14 2 0.03343333333333333 0.23323333333333335
706.0887 165.7305 -185.81096 14 2 0.03343333333333333 0.23323333333333335
725.7185 172.12215 -196.44614 14 2 0.03343333333333333 0.23323333333333335
745.34015 178.60591 -207.26791 14 2 0.03343333333333333 0.23323333333333335
765.1004 185.14598 -218.088 14 2 0.03343333333333333 0.23323333333333335
0.0 0.0 0.0 14 2 0.03343333333333333 0.23323333333333335
804.009 198.6434 -239.60692 14 2 0.03343333333333333 0.23323333333333335
823.682 205.47218 -250.37746 14 2 0.03343333333333333 0.23323333333333335
132.9322 -13.824484 56.129753 15 4 0.16676666666666667 0.36656666666666665
153.43999 -16.306614 45.61116 15 4 0.16676666666666667 0.36656666666666665
173.94728 -19.087532 35.323597 15 4 0.16676666666666667 0.36656666666666665
194.30717 -22.18305 24.989555 15 4 0.16676666666666667 0.36656666666666665
214.7327 -25.56891 14.340543 15 4 0.16676666666666667 0.36656666666666665
0.0 0.0 0.0 15 4 0.16676666666666667 0.36656666666666665
255.22243 -33.275795 -6.1085753 15 4 0.16676666666666667 0.36656666666666665
275.34253 -37.590935 -16.49378 15 4 0.16676666666666667 0.36656666666666665
295.73105 -42.164032 -27.188745 15 4 0.16676666666666667 0.36656666666666665
315.9003 -47.061092 -37.53758 15 4 0.16676666666666667 0.36656666666666665
335.73727 -52.30229 -48.065002 15 4 0.16676666666666667 0.36656666666666665
356.1468 -57.7457 -58.418518 15 4 0.16676666666666667 0.36656666666666665
375.66156 -63.62595 -68.90745 15 4 0.16676666666666667 0.36656666666666665
395.65796 -69.71719 -79.371185 15 4 0.16676666666666667 0.36656666666666665
415.56763 -76.11135 -90.010544 15 4 0.16676666666666667 0.36656666666666665
435.22504 -82.8395 -100.36195 15 4 0.16676666666666667 0.36656666666666665
454.90216 -89.85099 -111.029785 15 4 0.16676666666666667 0.36656666666666665
474.59348 -97.14407 -121.54539 15 4 0.16676666666666667 0.36656666666666665
494.20624 -104.735466 -131.80164 15 4 0.16676666666666667 0.36656666666666665
513.40125 -112.6986 -142.42656 15 4 0.16676666666666667 0.36656666666666665
532.661 -120.93046 -153.1255 15 4 0.16676666666666667 0.36656666666666665
551.8331 -129.46233 -163.4393 15 4 0.16676666666666667 0.36656666666666665
571.1817 -138.22914 -174.25401 15 4 0.16676666666666667 0.36656666666666665
590.0115 -147.39722 -184.9197 15 4 0.16676666666666667 0.36656666666666665
608.98267 -156.80511 -195.50726 15 4 0.16676666666666667 0.36656666666666665
627.76514 -166.53358 -206.02704 15 4 0.16676666666666667 0.36656666666666665
646.5116 -176.5416 -216.65294 15 4 0.16676666666666667 0.36656666666666665
665.04724 -186.87529 -227.40445 15 4 0.16676666666666667 0.36656666666666665
683.38666 -197.53146 -238.26968 15 4 0.16676666666666667 0.36656666666666665
701.6127 -208.48607 -248.91656 15 4 0.16676666666666667 0.36656666666666665
719.93933 -219.67216 -259.6792 15 4 0.16676666666666667 0.36656666666666665
738.1273 -231.15785 -270.54413 15 4 0.16676666666666667 0.36656666666666665
755.867 -243.0413 -281.28784 15 4 0.16676666666666667 0.36656666666666665
773.62244 -255.1758 -292.02194 15 4 0.16676666666666667 0.36656666666666665
791.17206 -267.6308 -302.86624 15 4 0.16676666666666667 0.36656666666666665
0.0 0.0 0.0 16 15 0.9001 1.0
127.63041 -17.158325 201.49948 16 15 0.9001 1.0
147.90685 -21.029163 207.81526 16 15 0.9001 1.0
0.0 0.0 0.0 16 15 0.9001 1.0
188.35287 -29.072989 220.58566 16 15 0.9001 1.0
208.38953 -33.267735 227.14781 16 15 0.9001 1.0
228.62276 -37.52688 233.27287 16 15 0.9001 1.0
248.73355 -41.901123 239.72803 16 15 0.9001 1.0
268.6937 -46.396538 245.6973 16 15 0.9001 1.0
288.90094 -50.944355 251.96494 16 15 0.9001 1.0
309.12967 -55.58205 258.4695 16 15 0.9001 1.0
329.0678 -60.366375 264.7011 16 15 0.9001 1.0
0.0 0.0 0.0 16 15 0.9001 1.0
369.0783 -70.19412 277.21146 16 15 0.9001 1.0
389.05176 -75.25508 283.55667 16 15 0.9001 1.0
408.95764 -80.42304 289.92194 16 15 0.9001 1.0
428.93103 -85.671295 296.27084 16 15 0.9001 1.0
0.0 0.0 0.0 16 15 0.9001 1.0
468.60596 -96.5025 308.84644 16 15 0.9001 1.0
488.51456 -102.04317 315.33313 16 15 0.9001 1.0
508.48932 -107.6622 321.83435 16 15 0.9001 1.0
528.2385 -113.421326 327.53867 16 15 0.9001 1.0
548.1295 -119.2422 334.18622 16 15 0.9001 1.0
567.918 -125.17715 340.52542 16 15 0.9001 1.0
587.35516 -131.28224 346.61807 16 15 0.9001 1.0
607.27545 -137.37137 353.02124 16 15 0.9001 1.0
627.0103 -143.59319 359.3844 16 15 0.9001 1.0
646.5294 -149.95593 365.88248 16 15 0.9001 1.0
666.1694 -156.38206 372.1524 16 15 0.9001 1.0
685.8029 -162.90039 378.42432 16 15 0.9001 1.0
705.242 -169.5558 384.67783 16 15 0.9001 1.0
724.9242 -176.24318 391.02274 16 15 0.9001 1.0
744.55707 -183.032 397.30127 16 15 0.9001 1.0
764.0757 -189.93842 403.64853 16 15 0.9001 1.0
783.5814 -196.93752 409.96368 16 15 0.9001 1.0
-22.886984 -141.44545 345.6395 17 2 0.03343333333333333 0.23323333333333335
-25.868927 -161.7639 367.32727 17 2 0.03343333333333333 0.23323333333333335
-28.715405 -182.2233 388.98315 17 2 0.03343333333333333 0.23323333333333335
-31.451027 -202.66948 410.8567 17 2 0.03343333333333333 0.23323333333333335
-34.09754 -222.95776 432.41397 17 2 0.03343333333333333 0.23323333333333335
-36.574913 -243.61061 454.12155 17 2 0.03343333333333333 0.23323333333333335
-38.990032 -263.92154 475.9621 17 2 0.03343333333333333 0.23323333333333335
-41.292347 -284.21848 497.4751 17 2 0.03343333333333333 0.23323333333333335
-43.440872 -304.78625 519.2726 17 2 0.03343333333333333 0.23323333333333335
-45.48431 -325.2899 540.6575 17 2 0.03343333333333333 0.23323333333333335
-47.391235 -345.95288 562.46295 17 2 0.03343333333333333 0.23323333333333335
-49.224823 -366.3125 584.30334 17 2 0.03343333333333333 0.23323333333333335
-50.89281 -387.04913 606.1561 17 2 0.03343333333333333 0.23323333333333335
-52.488537 -407.4601 627.72784 17 2 0.03343333333333333 0.23323333333333335
-53.95367 -427.98483 649.3538 17 2 0.03343333333333333 0.23323333333333335
0.0 0.0 0.0 17 2 0.03343333333333333 0.23323333333333335
-56.488747 -469.42697 692.87573 17 2 0.03343333333333333 0.23323333333333335
-57.605717 -489.95895 714.526 17 2 0.03343333333333333 0.23323333333333335
-58.585106 -510.6739 736.2462 17 2 0.03343333333333333 0.23323333333333335
-59.47391 -531.1637 758.0306 17 2 0.03343333333333333 0.23323333333333335
0.0 0.0 0.0 17 2 0.03343333333333333 0.23323333333333335
-60.872986 -572.392 801.41907 17 2 0.03343333333333333 0.23323333333333335
-61.382984 -593.1425 822.91925 17 2 0.03343333333333333 0.23323333333333335
-61.78673 -613.7914 845.0012 17 2 0.03343333333333333 0.23323333333333335
-62.06974 -634.47595 866.6171 17 2 0.03343333333333333 0.23323333333333335
-62.252674 -654.9796 888.46985 17 2 0.03343333333333333 0.23323333333333335
-62.306072 -675.6033 910.2157 17 2 0.03343333333333333 0.23323333333333335
-62.215298 -696.51996 931.8978 17 2 0.03343333333333333 0.23323333333333335
-62.01657 -717.3377 953.7385 17 2 0.03343333333333333 0.23323333333333335
-61.73499 -737.7443 975.6513 17 2 0.03343333333333333 0.23323333333333335
-61.289513 -758.6969 997.35046 17 2 0.03343333333333333 0.23323333333333335
-60.76886 -779.11523 1018.9539 17 2 0.03343333333333333 0.23323333333333335
-60.100407 -799.90314 1040.919 17 2 0.03343333333333333 0.23323333333333335
-59.316246 -820.65814 1062.5961 17 2 0.03343333333333333 0.23323333333333335
-58.419884 -841.32336 1084.5068 17 2 0.03343333333333333 0.23323333333333335
97.43228 -41.689465 -152.03706 18 10 0.5667666666666666 0.7665666666666666
115.89759 -50.464687 -137.8288 18 10 0.5667666666666666 0.7665666666666666
134.71664 -59.160946 -123.34312 18 10 0.5667666666666666 0.7665666666666666
153.11346 -68.11681 -109.06326 18 10 0.5667666666666666 0.7665666666666666
171.81477 -77.01115 -94.68313 18 10 0.5667666666666666 0.7665666666666666
190.2707 -86.088104 -80.38564 18 10 0.5667666666666666 0.7665666666666666
208.72037 -95.24069 -65.881134 18 10 0.5667666666666666 0.7665666666666666
227.13347 -104.48208 -51.759678 18 10 0.5667666666666666 0.7665666666666666
245.416 -113.85546 -37.291412 18 10 0.5667666666666666 0.7665666666666666
263.8764 -123.21734 -22.910526 18 10 0.5667666666666666 0.7665666666666666
282.40903 -132.61479 -8.751404 18 10 0.5667666666666666 0.7665666666666666
300.2591 -142.40413 5.7154045 18 10 0.5667666666666666 0.7665666666666666
318.53326 -152.06313 19.926325 18 10 0.5667666666666666 0.7665666666666666
336.59607 -161.89227 34.322636 18 10 0.5667666666666666 0.7665666666666666
354.68765 -171.77661 48.657173 18 10 0.5667666666666666 0.7665666666666666
372.8088 -181.71468 62.93446 18 10 0.5667666666666666 0.7665666666666666
390.73642 -191.8149 77.40234 18 10 0.5667666666666666 0.7665666666666666
408.71396 -201.95808 91.706955 18 10 0.5667666666666666 0.7665666666666666
426.59302 -212.21677 106.17696 18 10 0.5667666666666666 0.7665666666666666
444.44485 -222.55545 120.40238 18 10 0.5667666666666666 0.7665666666666666
462.31223 -232.95203 134.84451 18 10 0.5667666666666666 0.7665666666666666
480.0633 -243.4724 149.32265 18 10 0.5667666666666666 0.7665666666666666
497.74335 -254.0938 163.6329 18 10 0.5667666666666666 0.7665666666666666
515.43494 -264.77365 178.00006 18 10 0.5667666666666666 0.7665666666666666
532.9297 -275.6188 192.61015 18 10 0.5667666666666666 0.7665666666666666
550.4873 -286.4952 206.68999 18 10 0.5667666666666666 0.7665666666666666
567.9992 -297.45822 221.18066 18 10 0.5667666666666666 0.7665666666666666
585.39264 -308.54587 235.49466 18 10 0.5667666666666666 0.7665666666666666
602.8282 -319.67325 249.82787 18 10 0.5667666666666666 0.7665666666666666
620.241 -330.87372 264.26843 18 10 0.5667666666666666 0.7665666666666666
637.435 -342.25192 278.7198 18 10 0.5667666666666666 0.7665666666666666
654.6175 -353.69717 293.17163 18 10 0.5667666666666666 0.7665666666666666
671.8799 -365.159 307.5743 18 10 0.5667666666666666 0.7665666666666666
688.9425 -376.78876 321.987 18 10 0.5667666666666666 0.7665666666666666
705.92633 -388.52084 336.3801 18 10 0.5667666666666666 0.7665666666666666
109.5827 73.27074 176.73271 19 4 0.16676666666666667 0.36656666666666665
126.603546 84.95456 183.61186 19 4 0.16676666666666667 0.36656666666666665
0.0 0.0 0.0 19 4 0.16676666666666667 0.36656666666666665
160.13991 108.8052 197.83556 19 4 0.16676666666666667 0.36656666666666665
176.88232 120.818634 205.35075 19 4 0.16676666666666667 0.36656666666666665
193.43237 133.00978 212.46098 19 4 0.16676666666666667 0.36656666666666665
0.0 0.0 0.0 19 4 0.16676666666666667 0.36656666666666665
226.65979 157.44022 226.80556 19 4 0.16676666666666667 0.36656666666666665
243.20804 169.76625 234.16582 19 4 0.16676666666666667 0.36656666666666665
259.68405 182.1853 241.49185 19 4 0.16676666666666667 0.36656666666666665
275.7896 194.90755 248.55624 19 4 0.16676666666666667 0.36656666666666665
292.21722 207.44441 255.91025 19 4 0.16676666666666667 0.36656666666666665
308.3588 220.225 263.06293 19 4 0.16676666666666667 0.36656666666666665
324.55533 233.00668 270.38013 19 4 0.16676666666666667 0.36656666666666665
340.5594 245.9661 277.52 19 4 0.16676666666666667 0.36656666666666665
0.0 0.0 0.0 19 4 0.16676666666666667 0.36656666666666665
372.67474 271.92258 291.90594 19 4 0.16676666666666667 0.36656666666666665
388.49692 285.12842 299.3962 19 4 0.16676666666666667 0.36656666666666665
404.21997 298.44406 306.4648 19 4 0.16676666666666667 0.36656666666666665
419.8434 311.8698 313.62506 19 4 0.16676666666666667 0.36656666666666665
435.50287 325.30426 320.694 19 4 0.16676666666666667 0.36656666666666665
451.3077 338.66367 327.93076 19 4 0.16676666666666667 0.36656666666666665
466.9864 352.14972 335.45135 19 4 0.16676666666666667 0.36656666666666665
0.0 0.0 0.0 19 4 0.16676666666666667 0.36656666666666665
497.60748 379.77554 349.76666 19 4 0.16676666666666667 0.36656666666666665
513.0685 393.52094 356.97314 19 4 0.16676666666666667 0.36656666666666665
528.11426 407.61536 364.38394 19 4 0.16676666666666667 0.36656666666666665
543.2712 421.6545 371.51895 19 4 0.16676666666666667 0.36656666666666665
558.64655 435.55194 378.80942 19 4 0.16676666666666667 0.36656666666666665
573.61084 449.79694 386.01492 19 4 0.16676666666666667 0.36656666666666665
588.6182 464.0353 393.22794 19 4 0.16676666666666667 0.36656666666666665
603.56396 478.34808 400.64798 19 4 0.16676666666666667 0.36656666666666665
618.4441 492.73785 407.81207 19 4 0.16676666666666667 0.36656666666666665
633.25555 507.20633 415.02335 19 4 0.16676666666666667 0.36656666666666665
647.9547 521.7881 422.1145 19 4 0.16676666666666667 0.36656666666666665
137.3358 58.453445 217.9136 20 2 0.03343333333333333 0.23323333333333335
155.86656 67.21833 221.383 20 2 0.03343333333333333 0.23323333333333335
174.62177 76.066734 225.09518 20 2 0.03343333333333333 0.23323333333333335
192.96278 85.27385 228.77388 20 2 0.03343333333333333 0.23323333333333335
211.37807 94.62476 232.70227 20 2 0.03343333333333333 0.23323333333333335
229.45619 104.30136 236.3071 20 2 0.03343333333333333 0.23323333333333335
247.83244 114.01402 239.92683 20 2 0.03343333333333333 0.23323333333333335
265.8782 124.04657 243.58012 20 2 0.03343333333333333 0.23323333333333335
283.76205 134.32181 247.31506 20 2 0.03343333333333333 0.23323333333333335
301.61844 144.77452 250.96043 20 2 0.03343333333333333 0.23323333333333335
319.45767 155.39616 254.93906 20 2 0.03343333333333333 0.23323333333333335
336.92136 166.35985 258.46414 20 2 0.03343333333333333 0.23323333333333335
354.55432 177.39642 261.97324 20 2 0.03343333333333333 0.23323333333333335
371.82742 188.7666 265.93634 20 2 0.03343333333333333 0.23323333333333335
389.044 200.31744 269.64532 20 2 0.03343333333333333 0.23323333333333335
406.23068 212.03175 273.40027 20 2 0.03343333333333333 0.23323333333333335
423.1875 224.01141 276.9208 20 2 0.03343333333333333 0.23323333333333335
439.9981 236.21185 280.93054 20 2 0.03343333333333333 0.23323333333333335
456.71777 248.60144 284.5644 20 2 0.03343333333333333 0.23323333333333335
473.38617 261.15536 288.4131 20 2 0.03343333333333333 0.23323333333333335
489.69077 274.04465 292.09006 20 2 0.03343333333333333 0.23323333333333335
505.96597 287.0828 295.67215 20 2 0.03343333333333333 0.23323333333333335
522.26044 300.23734 299.48376 20 2 0.03343333333333333 0.23323333333333335
538.35126 313.63235 303.21793 20 2 0.03343333333333333 0.23323333333333335
554.1215 327.33618 307.02753 20 2 0.03343333333333333 0.23323333333333335
569.8781 341.1672 310.81216 20 2 0.03343333333333333 0.23323333333333335
585.4288 355.2367 314.60114 20 2 0.03343333333333333 0.23323333333333335
600.7377 369.5659 318.32462 20 2 0.03343333333333333 0.23323333333333335
616.0964 383.97314 322.28232 20 2 0.03343333333333333 0.23323333333333335
631.4357 398.4948 325.8333 20 2 0.03343333333333333 0.23323333333333335
646.291 413.4225 329.7633 20 2 0.03343333333333333 0.23323333333333335
661.0987 428.4791 333.45023 20 2 0.03343333333333333 0.23323333333333335
675.74005 443.73743 337.19012 20 2 0.03343333333333333 0.23323333333333335
690.2331 459.1832 340.9551 20 2 0.03343333333333333 0.23323333333333335
704.32697 474.9826 344.83514 20 2 0.03343333333333333 0.23323333333333335
-23.702427 -113.48468 71.51045 21 9 0.5001 0.6999
-25.696072 -133.7345 71.29305 21 9 0.5001 0.6999
-27.497534 -154.31223 71.25154 21 9 0.5001 0.6999
-29.16078 -174.96808 70.941666 21 9 0.5001 0.6999
-30.709734 -195.55754 70.80078 21 9 0.5001 0.6999
-32.17257 -215.87325 70.78495 21 9 0.5001 0.6999
-33.44174 -236.62901 70.59257 21 9 0.5001 0.6999
-34.626415 -257.0805 70.54273 21 9 0.5001 0.6999
-35.623993 -277.9776 70.61086 21 9 0.5001 0.6999
-36.563107 -298.3324 70.1339 21 9 0.5001 0.6999
-37.34366 -318.91852 70.10137 21 9 0.5001 0.6999
-37.976116 -339.67392 70.03961 21 9 0.5001 0.6999
-38.50514 -360.20203 69.889725 21 9 0.5001 0.6999
-38.88413 -380.9239 69.64934 21 9 0.5001 0.6999
-39.15653 -401.4196 69.28304 21 9 0.5001 0.6999
-39.286396 -422.03983 69.57825 21 9 0.5001 0.6999
-39.273445 -442.8044 69.53538 21 9 0.5001 0.6999
-39.151707 -463.33 69.243645 21 9 0.5001 0.6999
-38.871418 -484.19608 69.23272 21 9 0.5001 0.6999
-38.49345 -504.65723 68.92144 21 9 0.5001 0.6999
-37.986897 -525.071 68.72973 21 9 0.5001 0.6999
-37.334087 -545.68585 68.67222 21 9 0.5001 0.6999
-36.526955 -566.66156 68.6943 21 9 0.5001 0.6999
-35.61286 -587.28345 68.35578 21 9 0.5001 0.6999
-34.558567 -608.0623 68.20217 21 9 0.5001 0.6999
-33.396175 -628.425 68.119545 21 9 0.5001 0.6999
-32.072777 -649.3459 67.921684 21 9 0.5001 0.6999
-30.639597 -669.8382 67.96972 21 9 0.5001 0.6999
-29.06095 -690.63556 67.83033 21 9 0.5001 0.6999
-27.364672 -711.09875 67.64884 21 9 0.5001 0.6999
-25.525991 -731.8322 67.685776 21 9 0.5001 0.6999
-23.562536 -752.3638 67.34859 21 9 0.5001 0.6999
-21.459496 -773.1473 67.16309 21 9 0.5001 0.6999
-19.230282 -793.73737 67.082954 21 9 0.5001 0.6999
-16.866053 -814.46045 66.97032 21 9 0.5001 0.6999
-103.50199 84.92259 -141.0119 22 13 0.7667666666666667 0.9665666666666667
-119.001724 98.490524 -134.05286 22 13 0.7667666666666667 0.9665666666666667
-134.73192 111.83073 -126.83379 22 13 0.7667666666666667 0.9665666666666667
-150.34804 125.2275 -119.434006 22 13 0.7667666666666667 0.9665666666666667
-166.31418 138.29388 -112.157555 22 13 0.7667666666666667 0.9665666666666667
-182.34825 151.26262 -105.0534 22 13 0.7667666666666667 0.9665666666666667
0.0 0.0 0.0 22 13 0.7667666666666667 0.9665666666666667
-214.63379 176.88802 -90.41727 22 13 0.7667666666666667 0.9665666666666667
-231.12015 189.34781 -83.287796 22 13 0.7667666666666667 0.9665666666666667
-247.60426 201.76022 -76.16584 22 13 0.7667666666666667 0.9665666666666667
0.0 0.0 0.0 22 13 0.7667666666666667 0.9665666666666667
-280.8816 226.17511 -61.47154 22 13 0.7667666666666667 0.9665666666666667
-298.10196 237.83235 -54.295937 22 13 0.7667666666666667 0.9665666666666667
-314.85123 249.80789 -46.826538 22 13 0.7667666666666667 0.9665666666666667
-331.94824 261.44516 -39.759953 22 13 0.7667666666666667 0.9665666666666667
-349.166 272.9239 -32.319424 22 13 0.7667666666666667 0.9665666666666667
-366.52954 284.22302 -25.286753 22 13 0.7667666666666667 0.9665666666666667
-384.00116 295.37045 -18.038183 22 13 0.7667666666666667 0.9665666666666667
-401.47748 306.44336 -10.841706 22 13 0.7667666666666667 0.9665666666666667
-419.09094 317.33768 -3.4121172 22 13 0.7667666666666667 0.9665666666666667
-436.84827 328.0472 3.874157 22 13 0.7667666666666667 0.9665666666666667
-454.82605 338.51382 10.952223 22 13 0.7667666666666667 0.9665666666666667
-472.7882 348.9122 18.49206 22 13 0.7667666666666667 0.9665666666666667
-491.06924 358.9935 25.779898 22 13 0.7667666666666667 0.9665666666666667
-509.03607 369.2193 33.02193 22 13 0.7667666666666667 0.9665666666666667
-527.4358 379.04272 40.29721 22 13 0.7667666666666667 0.9665666666666667
-545.7309 388.85132 47.653027 22 13 0.7667666666666667 0.9665666666666667
-564.3279 398.35233 54.90451 22 13 0.7667666666666667 0.9665666666666667
-582.9166 407.76495 62.10677 22 13 0.7667666666666667 0.9665666666666667
-601.5952 417.01724 69.34241 22 13 0.7667666666666667 0.9665666666666667
-620.51263 426.00504 76.87239 22 13 0.7667666666666667 0.9665666666666667
-639.3759 434.92865 84.00707 22 13 0.7667666666666667 0.9665666666666667
-658.48047 443.5843 91.530975 22 13 0.7667666666666667 0.9665666666666667
-677.47534 452.20724 98.83432 22 13 0.7667666666666667 0.9665666666666667
-696.57666 460.64902 106.33614 22 13 0.7667666666666667 0.9665666666666667
-50.761612 -116.87604 -298.08395 23 15 0.9001 1.0
-55.297096 -137.02466 -370.46762 23 15 0.9001 1.0
-59.73531 -157.17038 -442.82935 23 15 0.9001 1.0
-64.1304 -177.15474 -515.53577 23 15 0.9001 1.0
-68.2696 -197.56552 -588.14856 23 15 0.9001 1.0
-72.386604 -217.75035 -660.61096 23 15 0.9001 1.0
-76.38409 -237.98003 -733.22473 23 15 0.9001 1.0
-80.2915 -258.1612 -805.87897 23 15 0.9001 1.0
-84.161194 -278.113 -878.39075 23 15 0.9001 1.0
-87.79928 -298.47348 -951.06995 23 15 0.9001 1.0
-91.32551 -318.85626 -1023.5403 23 15 0.9001 1.0
-94.74139 -339.25446 -1096.1272 23 15 0.9001 1.0
-98.070755 -359.57874 -1168.8865 23 15 0.9001 1.0
-101.30335 -379.85968 -1241.4429 23 15 0.9001 1.0
-104.36977 -400.35828 -1314.1075 23 15 0.9001 1.0
-107.30578 -420.94647 -1386.7992 23 15 0.9001 1.0
-110.22476 -441.17368 -1459.3293 23 15 0.9001 1.0
-112.958336 -461.70248 -1532.0089 23 15 0.9001 1.0
-115.65413 -481.9343 -1604.7823 23 15 0.9001 1.0
0.0 0.0 0.0 23 15 0.9001 1.0
-120.544815 -523.1065 -1750.2107 23 15 0.9001 1.0
0.0 0.0 0.0 23 15 0.9001 1.0
-125.04772 -564.04266 -1895.703 23 15 0.9001 1.0
0.0 0.0 0.0 23 15 0.9001 1.0
-129.04926 -605.22943 -2041.2502 23 15 0.9001 1.0
0.0 0.0 0.0 23 15 0.9001 1.0
-132.60881 -646.391 -2186.7627 23 15 0.9001 1.0
-134.2066 -667.037 -2259.7273 23 15 0.9001 1.0
-135.69553 -687.664 -2332.4927 23 15 0.9001 1.0
-144.64784 -22.437883 391.67676 24 15 0.9001 1.0
-165.08357 -25.466019 429.24823 24 15 0.9001 1.0
-185.67398 -27.969519 467.36356 24 15 0.9001 1.0
-206.30832 -29.960997 505.03568 24 15 0.9001 1.0
-227.00896 -31.432348 542.8695 24 15 0.9001 1.0
-247.91669 -32.36062 580.9628 24 15 0.9001 1.0
-268.67313 -32.788845 619.0427 24 15 0.9001 1.0
-289.5665 -32.67473 657.165 24 15 0.9001 1.0
-310.40503 -32.036343 695.26196 24 15 0.9001 1.0
-331.34375 -30.852304 733.49 24 15 0.9001 1.0
-352.25635 -29.131155 771.7626 24 15 0.9001 1.0
-373.2393 -26.86051 810.5754 24 15 0.9001 1.0
-394.1261 -24.04859 848.98535 24 15 0.9001 1.0
-415.08273 -20.680105 887.7504 24 15 0.9001 1.0
-436.03326 -16.756927 926.6269 24 15 0.9001 1.0
-456.81415 -12.280309 965.55634 24 15 0.9001 1.0
-477.59442 -7.239247 1004.82117 24 15 0.9001 1.0
-498.32413 -1.6318346 1043.9454 24 15 0.9001 1.0
-518.98737 4.5454264 1083.4546 24 15 0.9001 1.0
-539.7122 11.293294 1123.0664 24 15 0.9001 1.0
-560.1908 18.620203 1162.8387 24 15 0.9001 1.0
-580.617 26.526348 1202.654 24 15 0.9001 1.0
-600.7325 35.02811 1242.8864 24 15 0.9001 1.0
-620.8274 44.11546 1283.3872 24 15 0.9001 1.0
-640.9246 53.785423 1323.8411 24 15 0.9001 1.0
-660.80176 64.056915 1364.6338 24 15 0.9001 1.0
0.0 0.0 0.0 24 15 0.9001 1.0
-699.60974 86.46071 1447.0437 24 15 0.9001 1.0
-719.0261 98.54311 1488.5592 24 15 0.9001 1.0
-737.9478 111.28072 1530.4524 24 15 0.9001 1.0
-756.8286 124.612854 1572.5614 24 15 0.9001 1.0
-775.5729 138.55095 1614.883 24 15 0.9001 1.0
-793.72205 153.18086 1657.6409 24 15 0.9001 1.0
-811.58923 168.45389 1700.8994 24 15 0.9001 1.0
-829.3791 184.32643 1744.5952 24 15 0.9001 1.0
107.61002 -44.72814 182.4278 25 9 0.5001 0.6999
126.89619 -52.29499 199.89302 25 9 0.5001 0.6999
146.50768 -59.244564 217.22475 25 9 0.5001 0.6999
166.12955 -65.68971 234.578 25 9 0.5001 0.6999
186.19826 -71.44138 252.1001 25 9 0.5001 0.6999
206.36165 -76.624115 269.58896 25 9 0.5001 0.6999
226.83565 -81.14204 287.20966 25 9 0.5001 0.6999
247.47505 -85.03558 304.9008 25 9 0.5001 0.6999
268.3265 -88.27452 322.55664 25 9 0.5001 0.6999
289.25006 -90.8905 340.3451 25 9 0.5001 0.6999
310.40442 -92.81808 358.07526 25 9 0.5001 0.6999
331.73032 -94.06384 375.92657 25 9 0.5001 0.6999
353.10666 -94.64794 393.8973 25 9 0.5001 0.6999
374.6139 -94.53276 412.02524 25 9 0.5001 0.6999
396.4795 -93.65156 430.0313 25 9 0.5001 0.6999
418.04495 -92.14806 448.36755 25 9 0.5001 0.6999
0.0 0.0 0.0 25 9 0.5001 0.6999
461.66827 -86.88312 485.16385 25 9 0.5001 0.6999
483.5154 -83.139755 503.73914 25 9 0.5001 0.6999
505.18622 -78.666855 522.53424 25 9 0.5001 0.6999
527.28754 -73.35584 541.2756 25 9 0.5001 0.6999
548.78955 -67.339645 560.3823 25 9 0.5001 0.6999
570.88025 -60.448483 579.45557 25 9 0.5001 0.6999
592.47797 -52.79508 598.6363 25 9 0.5001 0.6999
614.0525 -44.308075 618.1274 25 9 0.5001 0.6999
635.57007 -34.97638 637.956 25 9 0.5001 0.6999
656.98816 -24.78777 657.60583 25 9 0.5001 0.6999
678.11847 -13.730881 677.72327 25 9 0.5001 0.6999
699.15985 -1.7809517 698.01575 25 9 0.5001 0.6999
719.89655 11.078151 718.74884 25 9 0.5001 0.6999
740.5179 24.863543 739.25104 25 9 0.5001 0.6999
760.93195 39.592106 760.3157 25 9 0.5001 0.6999
780.91394 55.295708 781.5877 25 9 0.5001 0.6999
800.58276 71.99114 803.1233 25 9 0.5001 0.6999
819.6685 89.72745 825.28986 25 9 0.5001 0.6999
149.40446 -14.459753 -105.65623 26 1 0.0 0.16656666666666667
169.99113 -15.980839 -145.67726 26 1 0.0 0.16656666666666667
190.3716 -17.403162 -185.27751 26 1 0.0 0.16656666666666667
211.0069 -18.683952 -225.12325 26 1 0.0 0.16656666666666667
0.0 0.0 0.0 26 1 0.0 0.16656666666666667
251.94766 -20.919598 -304.9168 26 1 0.0 0.16656666666666667
272.5833 -21.845781 -344.85175 26 1 0.0 0.16656666666666667
293.2614 -22.650463 -384.54352 26 1 0.0 0.16656666666666667
313.80972 -23.346663 -424.58105 26 1 0.0 0.16656666666666667
334.5635 -23.909132 -464.23178 26 1 0.0 0.16656666666666667
355.11423 -24.367535 -504.2162 26 1 0.0 0.16656666666666667
375.58817 -24.711672 -544.2037 26 1 0.0 0.16656666666666667
396.26254 -24.923306 -584.0641 26 1 0.0 0.16656666666666667
416.85828 -25.020784 -624.13416 26 1 0.0 0.16656666666666667
437.6412 -24.988111 -663.68774 26 1 0.0 0.16656666666666667
0.0 0.0 0.0 26 1 0.0 0.16656666666666667
478.84802 -24.585608 -743.5051 26 1 0.0 0.16656666666666667
499.35715 -24.209347 -783.6661 26 1 0.0 0.16656666666666667
519.9127 -23.710566 -823.43787 26 1 0.0 0.16656666666666667
540.7039 -23.081491 -863.45087 26 1 0.0 0.16656666666666667
561.304 -22.341064 -903.35974 26 1 0.0 0.16656666666666667
581.9785 -21.47774 -943.42755 26 1 0.0 0.16656666666666667
602.5496 -20.49813 -983.3821 26 1 0.0 0.16656666666666667
623.3752 -19.390133 -1023.3488 26 1 0.0 0.16656666666666667
643.7658 -18.175343 -1063.3168 26 1 0.0 0.16656666666666667
664.6068 -16.8275 -1103.312 26 1 0.0 0.16656666666666667
685.09894 -15.36839 -1143.1432 26 1 0.0 0.16656666666666667
705.6976 -13.7860365 -1183.4232 26 1 0.0 0.16656666666666667
726.1252 -12.0859375 -1223.257 26 1 0.0 0.16656666666666667
746.969 -10.258503 -1263.4854 26 1 0.0 0.16656666666666667
767.58374 -8.314312 -1303.4161 26 1 0.0 0.16656666666666667
788.225 -6.249321 -1343.514 26 1 0.0 0.16656666666666667
808.8514 -4.063948 -1383.5458 26 1 0.0 0.16656666666666667
829.3238 -1.7583455 -1423.5447 26 1 0.0 0.16656666666666667
849.82263 0.66869426 -1463.782 26 1 0.0 0.16656666666666667
134.15942 66.7093 312.81305 27 12 0.7001000000000001 0.8999
152.38316 76.619026 325.16385 27 12 0.7001000000000001 0.8999
170.09103 86.92572 337.5947 27 12 0.7001000000000001 0.8999
188.00024 97.26554 349.7709 27 12 0.7001000000000001 0.8999
205.82396 107.781044 362.43597 27 12 0.7001000000000001 0.8999
223.1543 118.68705 374.7289 27 12 0.7001000000000001 0.8999
240.82805 129.53976 387.12585 27 12 0.7001000000000001 0.8999
258.10562 140.73145 399.59842 27 12 0.7001000000000001 0.8999
275.3698 152.05525 412.02634 27 12 0.7001000000000001 0.8999
292.58527 163.52736 424.3323 27 12 0.7001000000000001 0.8999
309.41626 175.33488 436.5594 27 12 0.7001000000000001 0.8999
326.4863 187.12474 449.3969 27 12 0.7001000000000001 0.8999
343.1809 199.24423 461.7799 27 12 0.7001000000000001 0.8999
360.05615 211.37082 474.11197 27 12 0.7001000000000001 0.8999
376.53247 223.8409 486.63885 27 12 0.7001000000000001 0.8999
393.1988 236.30463 499.08902 27 12 0.7001000000000001 0.8999
409.4017 249.15134 511.76425 27 12 0.7001000000000001 0.8999
425.47412 262.1817 524.1545 27 12 0.7001000000000001 0.8999
441.7286 275.1994 536.53046 27 12 0.7001000000000001 0.8999
0.0 0.0 0.0 27 12 0.7001000000000001 0.8999
473.35413 302.07486 561.58105 27 12 0.7001000000000001 0.8999
489.06427 315.7177 574.13916 27 12 0.7001000000000001 0.8999
504.6343 329.53995 586.6387 27 12 0.7001000000000001 0.8999
520.1108 343.50925 599.2557 27 12 0.7001000000000001 0.8999
535.44775 357.65356 611.4653 27 12 0.7001000000000001 0.8999
0.0 0.0 0.0 27 12 0.7001000000000001 0.8999
565.55524 386.56152 636.8036 27 12 0.7001000000000001 0.8999
580.3598 401.30026 649.7336 27 12 0.7001000000000001 0.8999
595.138 416.12958 662.2033 27 12 0.7001000000000001 0.8999
609.96295 430.9931 674.67883 27 12 0.7001000000000001 0.8999
0.0 0.0 0.0 27 12 0.7001000000000001 0.8999
638.5479 461.6681 699.7631 27 12 0.7001000000000001 0.8999
652.85657 477.08466 712.5255 27 12 0.7001000000000001 0.8999
666.7384 492.86957 725.16736 27 12 0.7001000000000001 0.8999
680.5832 508.73636 737.923 27 12 0.7001000000000001 0.8999
-129.9991 51.7417 -331.57532 28 8 0.43343333333333334 0.6332333333333333
-148.96631 59.80503 -362.00134 28 8 0.43343333333333334 0.6332333333333333
-167.94275 67.98575 -392.2891 28 8 0.43343333333333334 0.6332333333333333
-186.7285 76.36409 -423.09204 28 8 0.43343333333333334 0.6332333333333333
-205.54018 84.85152 -453.59012 28 8 0.43343333333333334 0.6332333333333333
-224.11317 93.55663 -484.2025 28 8 0.43343333333333334 0.6332333333333333
-242.91537 102.283905 -514.621 28 8 0.43343333333333334 0.6332333333333333
-261.3518 111.282104 -545.33704 28 8 0.43343333333333334 0.6332333333333333
-279.85318 120.36929 -576.01135 28 8 0.43343333333333334 0.6332333333333333
-298.33536 129.57967 -606.5361 28 8 0.43343333333333334 0.6332333333333333
-316.81558 138.90436 -636.8527 28 8 0.43343333333333334 0.6332333333333333
-335.0355 148.45625 -667.5231 28 8 0.43343333333333334 0.6332333333333333
-353.27942 158.11 -697.97925 28 8 0.43343333333333334 0.6332333333333333
-371.45404 167.90588 -728.6713 28 8 0.43343333333333334 0.6332333333333333
-389.66827 177.79343 -759.3863 28 8 0.43343333333333334 0.6332333333333333
-407.64532 187.89807 -789.9259 28 8 0.43343333333333334 0.6332333333333333
-425.69302 198.07805 -820.7088 28 8 0.43343333333333334 0.6332333333333333
-443.42062 208.51437 -851.22266 28 8 0.43343333333333334 0.6332333333333333
-461.26694 219.00142 -881.8805 28 8 0.43343333333333334 0.6332333333333333
-479.11505 229.59184 -912.4523 28 8 0.43343333333333334 0.6332333333333333
-496.5521 240.48369 -943.1596 28 8 0.43343333333333334 0.6332333333333333
-514.23047 251.36212 -973.88464 28 8 0.43343333333333334 0.6332333333333333
-531.72107 262.4336 -1004.6342 28 8 0.43343333333333334 0.6332333333333333
-549.2594 273.58167 -1035.3378 28 8 0.43343333333333334 0.6332333333333333
-566.6158 284.91922 -1065.977 28 8 0.43343333333333334 0.6332333333333333
-583.89935 296.39163 -1096.7433 28 8 0.43343333333333334 0.6332333333333333
-601.1234 307.99118 -1127.5775 28 8 0.43343333333333334 0.6332333333333333
-618.337 319.69147 -1158.2335 28 8 0.43343333333333334 0.6332333333333333
-635.3781 331.57516 -1189.0022 28 8 0.43343333333333334 0.6332333333333333
-652.0455 343.74896 -1219.7517 28 8 0.43343333333333334 0.6332333333333333
-668.996 355.8669 -1250.6465 28 8 0.43343333333333334 0.6332333333333333
-685.6864 368.2144 -1281.6134 28 8 0.43343333333333334 0.6332333333333333
0.0 0.0 0.0 28 8 0.43343333333333334 0.6332333333333333
-719.1112 393.15454 -1343.1941 28 8 0.43343333333333334 0.6332333333333333
-735.5588 405.90082 -1374.0345 28 8 0.43343333333333334 0.6332333333333333
-91.98853 -84.173035 -34.495415 29 9 0.5001 0.6999
-104.519875 -100.54229 -51.40157 29 9 0.5001 0.6999
-117.21892 -116.73279 -68.13872 29 9 0.5001 0.6999
-129.77325 -133.03514 -84.816 29 9 0.5001 0.6999
-141.95332 -149.69385 -101.524826 29 9 0.5001 0.6999
-154.15152 -166.3037 -118.39708 29 9 0.5001 0.6999
-166.29071 -182.9381 -135.32759 29 9 0.5001 0.6999
-178.12978 -199.86224 -151.94904 29 9 0.5001 0.6999
-190.02914 -216.67436 -169.00967 29 9 0.5001 0.6999
-201.74335 -233.64717 -185.87923 29 9 0.5001 0.6999
-213.29936 -250.75102 -202.42378 29 9 0.5001 0.6999
-224.87596 -267.7734 -219.29553 29 9 0.5001 0.6999
-236.21991 -285.0117 -235.94917 29 9 0.5001 0.6999
-247.52203 -302.23648 -252.56755 29 9 0.5001 0.6999
-258.4833 -319.8126 -269.63412 29 9 0.5001 0.6999
-269.62595 -337.09467 -286.30182 29 9 0.5001 0.6999
-280.3692 -354.80307 -303.22742 29 9 0.5001 0.6999
-291.0069 -372.57208 -320.12195 29 9 0.5001 0.6999
-301.77634 -390.09235 -336.8889 29 9 0.5001 0.6999
-312.1939 -407.98407 -353.8968 29 9 0.5001 0.6999
0.0 0.0 0.0 29 9 0.5001 0.6999
-332.6203 -444.0495 -387.43805 29 9 0.5001 0.6999
-342.70032 -462.1251 -404.44516 29 9 0.5001 0.6999
-352.66934 -480.25528 -421.10355 29 9 0.5001 0.6999
-362.5438 -498.41537 -438.01688 29 9 0.5001 0.6999
-372.19666 -516.77875 -454.8315 29 9 0.5001 0.6999
-381.74463 -535.184 -471.89365 29 9 0.5001 0.6999
-391.05197 -553.82074 -488.6922 29 9 0.5001 0.6999
0.0 0.0 0.0 29 9 0.5001 0.6999
-409.61063 -590.83954 -522.6006 29 9 0.5001 0.6999
-418.56128 -609.6471 -539.3362 29 9 0.5001 0.6999
-427.62903 -628.16187 -556.2945 29 9 0.5001 0.6999
-436.29593 -647.1403 -573.2461 29 9 0.5001 0.6999
-444.90137 -666.08374 -590.2283 29 9 0.5001 0.6999
-453.34274 -685.1425 -607.14374 29 9 0.5001 0.6999
-86.58021 -107.98232 111.467995 30 6 0.30010000000000003 0.4999
-100.921036 -122.846146 141.60793 30 6 0.30010000000000003 0.4999
-115.665215 -137.32947 171.49194 30 6 0.30010000000000003 0.4999
-130.68088 -151.57909 201.4345 30 6 0.30010000000000003 0.4999
-145.96422 -165.58276 231.5736 30 6 0.30010000000000003 0.4999
-161.59676 -179.234 261.58508 30 6 0.30010000000000003 0.4999
-177.67728 -192.41634 291.80164 30 6 0.30010000000000003 0.4999
-193.79079 -205.56734 322.14218 30 6 0.30010000000000003 0.4999
-210.44098 -218.13383 352.41898 30 6 0.30010000000000003 0.4999
-227.41792 -230.33298 382.49823 30 6 0.30010000000000003 0.4999
-244.75087 -242.12581 412.95648 30 6 0.30010000000000003 0.4999
-262.20065 -253.73595 443.3836 30 6 0.30010000000000003 0.4999
-279.9647 -264.95337 473.97964 30 6 0.30010000000000003 0.4999
-298.10107 -275.71448 504.70285 30 6 0.30010000000000003 0.4999
-316.61285 -286.0105 535.11 30 6 0.30010000000000003 0.4999
-335.3271 -295.98825 565.93414 30 6 0.30010000000000003 0.4999
-354.2076 -305.66287 596.75757 30 6 0.30010000000000003 0.4999
-373.43378 -314.86505 627.91486 30 6 0.30010000000000003 0.4999
-392.8743 -323.6959 658.82416 30 6 0.30010000000000003 0.4999
-412.66193 -332.0341 689.94244 30 6 0.30010000000000003 0.4999
-432.8076 -339.8643 721.17 30 6 0.30010000000000003 0.4999
-452.72 -347.634 752.6713 30 6 0.30010000000000003 0.4999
-473.4342 -354.52954 783.98975 30 6 0.30010000000000003 0.4999
-493.9965 -361.2663 815.4814 30 6 0.30010000000000003 0.4999
-515.2978 -367.17584 847.2054 30 6 0.30010000000000003 0.4999
-536.3343 -372.97073 879.26105 30 6 0.30010000000000003 0.4999
-557.6305 -378.25693 911.1483 30 6 0.30010000000000003 0.4999
-579.2916 -382.95428 943.3046 30 6 0.30010000000000003 0.4999
-601.4125 -386.99652 975.7644 30 6 0.30010000000000003 0.4999
-623.27936 -390.83078 1007.96234 30 6 0.30010000000000003 0.4999
-645.5368 -394.0273 1040.6869 30 6 0.30010000000000003 0.4999
-668.0968 -396.63455 1073.6207 30 6 0.30010000000000003 0.4999
-690.6846 -398.8029 1106.411 30 6 0.30010000000000003 0.4999
-713.2479 -400.53986 1139.7048 30 6 0.30010000000000003 0.4999
-736.43097 -401.47037 1173.0631 30 6 0.30010000000000003 0.4999
132.73845 7.1415124 6.364164 31 4 0.16676666666666667 0.36656666666666665
153.48175 9.575367 -11.220066 31 4 0.16676666666666667 0.36656666666666665
173.5291 12.22822 -29.041586 31 4 0.16676666666666667 0.36656666666666665
194.19838 15.012892 -46.552532 31 4 0.16676666666666667 0.36656666666666665
214.54686 17.995115 -64.53293 31 4 0.16676666666666667 0.36656666666666665
234.76729 21.163208 -81.96208 31 4 0.16676666666666667 0.36656666666666665
255.22008 24.484228 -99.705986 31 4 0.16676666666666667 0.36656666666666665
275.4684 27.997938 -117.392784 31 4 0.16676666666666667 0.36656666666666665
295.90613 31.664997 -134.90358 31 4 0.16676666666666667 0.36656666666666665
316.0383 35.537373 -152.91222 31 4 0.16676666666666667 0.36656666666666665
336.16257 39.584263 -170.38521 31 4 0.16676666666666667 0.36656666666666665
356.54343 43.77265 -188.14276 31 4 0.16676666666666667 0.36656666666666665
376.74075 48.154213 -205.55052 31 4 0.16676666666666667 0.36656666666666665
396.75446 52.731083 -223.52756 31 4 0.16676666666666667 0.36656666666666665
416.9368 57.456757 -241.08606 31 4 0.16676666666666667 0.36656666666666665
437.00397 62.368523 -258.96918 31 4 0.16676666666666667 0.36656666666666665
457.08325 67.44856 -276.62375 31 4 0.16676666666666667 0.36656666666666665
477.24615 72.68506 -294.24338 31 4 0.16676666666666667 0.36656666666666665
497.1809 78.12502 -312.0899 31 4 0.16676666666666667 0.36656666666666665
517.1084 83.73519 -329.8378 31 4 0.16676666666666667 0.36656666666666665
536.98566 89.522026 -347.52368 31 4 0.16676666666666667 0.36656666666666665
556.83997 95.48071 -365.32953 31 4 0.16676666666666667 0.36656666666666665
576.4582 101.6483 -383.1725 31 4 0.16676666666666667 0.36656666666666665
596.4811 107.9113 -400.89383 31 4 0.16676666666666667 0.36656666666666665
616.0008 114.43164 -418.82495 31 4 0.16676666666666667 0.36656666666666665
635.77234 121.071815 -436.5385 31 4 0.16676666666666667 0.36656666666666665
655.61487 127.86255 -454.31873 31 4 0.16676666666666667 0.36656666666666665
0.0 0.0 0.0 31 4 0.16676666666666667 0.36656666666666665
694.5378 142.08736 -489.96802 31 4 0.16676666666666667 0.36656666666666665
714.01874 149.44276 -507.69217 31 4 0.16676666666666667 0.36656666666666665
733.26263 157.01207 -525.74286 31 4 0.16676666666666667 0.36656666666666665
752.72345 164.6983 -543.4651 31 4 0.16676666666666667 0.36656666666666665
772.1049 172.56346 -561.4309 31 4 0.16676666666666667 0.36656666666666665
791.47186 180.59279 -579.1013 31 4 0.16676666666666667 0.36656666666666665
810.6801 188.81892 -597.12494 31 4 0.16676666666666667 0.36656666666666665
-2.5701334 -133.14642 136.37218 32 3 0.10010000000000001 0.2999
-3.2010798 -153.71896 140.9437 32 3 0.10010000000000001 0.2999
-3.721488 -174.54303 145.63336 32 3 0.10010000000000001 0.2999
-4.1451488 -194.97209 150.06516 32 3 0.10010000000000001 0.2999
-4.4618573 -215.48201 154.82722 32 3 0.10010000000000001 0.2999
-4.6687183 -236.21904 159.46716 32 3 0.10010000000000001 0.2999
-4.7742953 -256.7599 163.85878 32 3 0.10010000000000001 0.2999
0.0 0.0 0.0 32 3 0.10010000000000001 0.2999
-4.66436 -298.14447 173.31465 32 3 0.10010000000000001 0.2999
-4.4510736 -318.89197 177.79709 32 3 0.10010000000000001 0.2999
-4.1398735 -339.07114 182.47543 32 3 0.10010000000000001 0.2999
-3.7183852 -359.57104 187.12976 32 3 0.10010000000000001 0.2999
-3.1873171 -380.5149 191.79424 32 3 0.10010000000000001 0.2999
0.0 0.0 0.0 32 3 0.10010000000000001 0.2999
-1.8153971 -421.80948 200.98338 32 3 0.10010000000000001 0.2999
-0.9718804 -442.25827 205.5559 32 3 0.10010000000000001 0.2999
-0.02216064 -462.69086 210.151 32 3 0.10010000000000001 0.2999
1.0332322 -483.42026 214.67998 32 3 0.10010000000000001 0.2999
2.194501 -503.9531 219.56758 32 3 0.10010000000000001 0.2999
3.4609354 -524.5971 223.9362 32 3 0.10010000000000001 0.2999
4.8340054 -545.1023 228.54103 32 3 0.10010000000000001 0.2999
6.3108087 -565.81396 233.30391 32 3 0.10010000000000001 0.2999
7.8949876 -586.3556 237.80986 32 3 0.10010000000000001 0.2999
9.584662 -606.9205 242.36157 32 3 0.10010000000000001 0.2999
11.377208 -627.64386 246.92268 32 3 0.10010000000000001 0.2999
13.286354 -647.8003 251.47229 32 3 0.10010000000000001 0.2999
15.288359 -668.6035 256.3068 32 3 0.10010000000000001 0.2999
17.401703 -689.138 260.72363 32 3 0.10010000000000001 0.2999
19.61794 -709.7779 265.31122 32 3 0.10010000000000001 0.2999
21.947622 -730.1457 270.05853 32 3 0.10010000000000001 0.2999
24.375212 -750.77954 274.68906 32 3 0.10010000000000001 0.2999
26.903566 -771.5411 279.2547 32 3 0.10010000000000001 0.2999
29.552935 -791.8616 283.87982 32 3 0.10010000000000001 0.2999
32.30374 -812.31305 288.45435 32 3 0.10010000000000001 0.2999
35.147614 -833.0702 293.23434 32 3 0.10010000000000001 0.2999
-62.554977 -78.00757 39.31196 33 5 0.23343333333333333 0.4332333333333333
-74.80428 -94.580765 51.99536 33 5 0.23343333333333333 0.4332333333333333
-87.06594 -111.096405 64.79626 33 5 0.23343333333333333 0.4332333333333333
-99.19834 -127.73275 77.32914 33 5 0.23343333333333333 0.4332333333333333
-111.30572 -144.35551 90.11387 33 5 0.23343333333333333 0.4332333333333333
-123.20257 -161.20511 102.86057 33 5 0.23343333333333333 0.4332333333333333
-135.16263 -177.92383 115.642456 33 5 0.23343333333333333 0.4332333333333333
-146.75252 -195.0822 128.13297 33 5 0.23343333333333333 0.4332333333333333
-158.60133 -211.84668 140.8849 33 5 0.23343333333333333 0.4332333333333333
-170.11119 -229.01167 153.6639 33 5 0.23343333333333333 0.4332333333333333
-181.65013 -246.08507 166.45747 33 5 0.23343333333333333 0.4332333333333333
-193.08594 -263.24335 178.826 33 5 0.23343333333333333 0.4332333333333333
-204.57968 -280.26572 191.65675 33 5 0.23343333333333333 0.4332333333333333
-215.9144 -297.44705 204.45346 33 5 0.23343333333333333 0.4332333333333333
-227.10849 -314.763 217.21889 33 5 0.23343333333333333 0.4332333333333333
-238.16048 -332.2164 229.942 33 5 0.23343333333333333 0.4332333333333333
-249.25888 -349.5435 242.38647 33 5 0.23343333333333333 0.4332333333333333
-260.2342 -366.9796 255.21039 33 5 0.23343333333333333 0.4332333333333333
-270.98935 -384.66275 268.036 33 5 0.23343333333333333 0.4332333333333333
-281.77655 -402.2356 280.59546 33 5 0.23343333333333333 0.4332333333333333
-292.5146 -419.8112 293.515 33 5 0.23343333333333333 0.4332333333333333
-303.11145 -437.52072 306.17886 33 5 0.23343333333333333 0.4332333333333333
-313.53522 -455.41132 319.01422 33 5 0.23343333333333333 0.4332333333333333
-323.98465 -473.19412 331.6838 33 5 0.23343333333333333 0.4332333333333333
-334.41412 -490.93277 344.29025 33 5 0.23343333333333333 0.4332333333333333
-344.66882 -508.85345 356.91913 33 5 0.23343333333333333 0.4332333333333333
0.0 0.0 0.0 33 5 0.23343333333333333 0.4332333333333333
-364.92856 -544.8369 382.46667 33 5 0.23343333333333333 0.4332333333333333
-374.81403 -563.07764 395.31973 33 5 0.23343333333333333 0.4332333333333333
-384.76382 -581.14276 408.05396 33 5 0.23343333333333333 0.4332333333333333
-394.5785 -599.3306 420.7601 33 5 0.23343333333333333 0.4332333333333333
-404.29565 -617.58435 433.67026 33 5 0.23343333333333333 0.4332333333333333
-413.87262 -635.9689 446.26746 33 5 0.23343333333333333 0.4332333333333333
-423.46188 -654.2495 458.95312 33 5 0.23343333333333333 0.4332333333333333
-432.9473 -672.603 471.9952 33 5 0.23343333333333333 0.4332333333333333
95.672066 -49.451126 -126.9408 34 15 0.9001 1.0
113.24425 -60.418858 -172.44319 34 15 0.9001 1.0
130.5019 -71.89073 -217.9404 34 15 0.9001 1.0
147.34393 -83.9154 -263.3055 34 15 0.9001 1.0
0.0 0.0 0.0 34 15 0.9001 1.0
180.30011 -109.29067 -354.79343 34 15 0.9001 1.0
196.10254 -122.80603 -400.44604 34 15 0.9001 1.0
211.88776 -136.58792 -446.17374 34 15 0.9001 1.0
227.09488 -150.97803 -492.26904 34 15 0.9001 1.0
241.96284 -165.81377 -538.35846 34 15 0.9001 1.0
256.71835 -180.92097 -584.56647 34 15 0.9001 1.0
270.77954 -196.69243 -631.01154 34 15 0.9001 1.0
284.58008 -212.80946 -677.6415 34 15 0.9001 1.0
297.8257 -229.47542 -724.13153 34 15 0.9001 1.0
310.74536 -246.50356 -771.0776 34 15 0.9001 1.0
323.09122 -264.07404 -818.3965 34 15 0.9001 1.0
335.35968 -281.76355 -865.6587 34 15 0.9001 1.0
346.9284 -300.06638 -913.0508 34 15 0.9001 1.0
358.11664 -318.6983 -960.7737 34 15 0.9001 1.0
368.65454 -337.88077 -1008.75287 34 15 0.9001 1.0
378.6455 -357.5099 -1056.9369 34 15 0.9001 1.0
388.27594 -377.38812 -1105.52 34 15 0.9001 1.0
397.43912 -397.58777 -1154.4089 34 15 0.9001 1.0
405.99664 -418.223 -1203.283 34 15 0.9001 1.0
413.8027 -439.43008 -1252.7362 34 15 0.9001 1.0
421.18216 -460.84674 -1302.481 34 15 0.9001 1.0
428.0735 -482.50095 -1352.6609 34 15 0.9001 1.0
434.16962 -504.71027 -1402.9666 34 15 0.9001 1.0
439.60663 -527.3009 -1453.9579 34 15 0.9001 1.0
444.52722 -550.06793 -1505.1666 34 15 0.9001 1.0
448.61185 -573.3698 -1556.9279 34 15 0.9001 1.0
452.03275 -596.96344 -1608.9753 34 15 0.9001 1.0
454.88446 -620.67786 -1661.5902 34 15 0.9001 1.0
456.9555 -644.7498 -1714.6936 34 15 0.9001 1.0
458.25104 -669.1327 -1768.538 34 15 0.9001 1.0
147.80135 24.275604 298.94012 35 7 0.3667666666666667 0.5665666666666667
167.94589 27.626762 303.8986 35 7 0.3667666666666667 0.5665666666666667
188.19125 31.075693 308.80103 35 7 0.3667666666666667 0.5665666666666667
208.47078 34.63325 313.72543 35 7 0.3667666666666667 0.5665666666666667
229.00606 38.26204 318.68436 35 7 0.3667666666666667 0.5665666666666667
248.96628 42.100975 323.42746 35 7 0.3667666666666667 0.5665666666666667
269.29504 45.991604 328.24023 35 7 0.3667666666666667 0.5665666666666667
289.383 50.0369 333.1424 35 7 0.3667666666666667 0.5665666666666667
309.61893 54.17006 337.94022 35 7 0.3667666666666667 0.5665666666666667
329.81305 58.423462 342.6603 35 7 0.3667666666666667 0.5665666666666667
349.96448 62.797222 347.66406 35 7 0.3667666666666667 0.5665666666666667
0.0 0.0 0.0 35 7 0.3667666666666667 0.5665666666666667
390.2753 71.88072 357.4741 35 7 0.3667666666666667 0.5665666666666667
410.216 76.63059 362.32504 35 7 0.3667666666666667 0.5665666666666667
430.2284 81.47954 367.02472 35 7 0.3667666666666667 0.5665666666666667
450.37863 86.41397 372.07962 35 7 0.3667666666666667 0.5665666666666667
470.39175 91.48593 376.8224 35 7 0.3667666666666667 0.5665666666666667
490.13843 96.72166 381.74335 35 7 0.3667666666666667 0.5665666666666667
510.21292 102.00411 386.71173 35 7 0.3667666666666667 0.5665666666666667
530.1286 107.42888 391.62344 35 7 0.3667666666666667 0.5665666666666667
550.0995 112.95289 396.46158 35 7 0.3667666666666667 0.5665666666666667
569.76324 118.65073 401.23877 35 7 0.3667666666666667 0.5665666666666667
589.75244 124.3911 406.44464 35 7 0.3667666666666667 0.5665666666666667
609.4414 130.30461 411.1126 35 7 0.3667666666666667 0.5665666666666667
629.4502 136.25908 415.94077 35 7 0.3667666666666667 0.5665666666666667
648.94684 142.43393 420.76926 35 7 0.3667666666666667 0.5665666666666667
668.814 148.63686 425.71518 35 7 0.3667666666666667 0.5665666666666667
688.5478 154.97774 430.409 35 7 0.3667666666666667 0.5665666666666667
708.10803 161.46642 435.3562 35 7 0.3667666666666667 0.5665666666666667
727.7511 168.04472 440.29028 35 7 0.3667666666666667 0.5665666666666667
747.38074 174.734 445.32516 35 7 0.3667666666666667 0.5665666666666667
766.91626 181.55298 450.43198 35 7 0.3667666666666667 0.5665666666666667
786.2372 188.53088 454.9873 35 7 0.3667666666666667 0.5665666666666667
805.79285 195.56007 459.85205 35 7 0.3667666666666667 0.5665666666666667
825.39087 202.68529 464.96698 35 7 0.3667666666666667 0.5665666666666667
19.335623 -140.10606 -359.71326 36 11 0.6334333333333333 0.8332333333333333
25.128391 -160.16219 -369.86575 36 11 0.6334333333333333 0.8332333333333333
31.688833 -180.01868 -380.10464 36 11 0.6334333333333333 0.8332333333333333
39.01508 -199.66904 -390.3105 36 11 0.6334333333333333 0.8332333333333333
47.14682 -218.90742 -400.59155 36 11 0.6334333333333333 0.8332333333333333
56.01809 -238.0389 -410.845 36 11 0.6334333333333333 0.8332333333333333
65.625465 -257.02014 -421.32025 36 11 0.6334333333333333 0.8332333333333333
76.04782 -275.51398 -431.68933 36 11 0.6334333333333333 0.8332333333333333
87.232254 -293.71365 -442.1326 36 11 0.6334333333333333 0.8332333333333333
99.19219 -311.54608 -452.6678 36 11 0.6334333333333333 0.8332333333333333
111.90401 -329.0584 -463.21118 36 11 0.6334333333333333 0.8332333333333333
125.28931 -346.4304 -473.92065 36 11 0.6334333333333333 0.8332333333333333
139.6404 -362.8276 -484.80963 36 11 0.6334333333333333 0.8332333333333333
0.0 0.0 0.0 36 11 0.6334333333333333 0.8332333333333333
170.35007 -394.99414 -506.49277 36 11 0.6334333333333333 0.8332333333333333
186.88954 -410.22345 -517.44745 36 11 0.6334333333333333 0.8332333333333333
204.18665 -424.9183 -528.50885 36 11 0.6334333333333333 0.8332333333333333
222.28032 -438.96402 -539.6771 36 11 0.6334333333333333 0.8332333333333333
241.10907 -452.44836 -551.21655 36 11 0.6334333333333333 0.8332333333333333
260.72052 -465.2386 -562.58307 36 11 0.6334333333333333 0.8332333333333333
281.07782 -477.3608 -574.2007 36 11 0.6334333333333333 0.8332333333333333
302.21622 -488.7095 -585.91644 36 11 0.6334333333333333 0.8332333333333333
324.13113 -499.24918 -597.672 36 11 0.6334333333333333 0.8332333333333333
346.88876 -508.83548 -609.8419 36 11 0.6334333333333333 0.8332333333333333
370.2 -517.8354 -622.1607 36 11 0.6334333333333333 0.8332333333333333
394.3991 -525.7034 -634.71783 36 11 0.6334333333333333 0.8332333333333333
419.45975 -532.43506 -647.3099 36 11 0.6334333333333333 0.8332333333333333
445.24194 -538.1491 -660.20355 36 11 0.6334333333333333 0.8332333333333333
471.6824 -542.83575 -673.4575 36 11 0.6334333333333333 0.8332333333333333
0.0 0.0 0.0 36 11 0.6334333333333333 0.8332333333333333
527.078 -548.15564 -700.3942 36 11 0.6334333333333333 0.8332333333333333
555.9215 -548.7291 -714.7276 36 11 0.6334333333333333 0.8332333333333333
585.4694 -547.81683 -729.13043 36 11 0.6334333333333333 0.8332333333333333
615.83307 -545.1786 -744.043 36 11 0.6334333333333333 0.8332333333333333
647.0474 -540.63995 -759.2961 36 11 0.6334333333333333 0.8332333333333333
61.850822 -134.2583 -511.51535 37 13 0.7667666666666667 0.9665666666666667
72.50994 -151.71526 -559.07404 37 13 0.7667666666666667 0.9665666666666667
83.257545 -169.40195 -606.65186 37 13 0.7667666666666667 0.9665666666666667
94.376564 -186.71985 -654.3703 37 13 0.7667666666666667 0.9665666666666667
105.68086 -204.03914 -702.0538 37 13 0.7667666666666667 0.9665666666666667
117.18281 -221.31914 -749.8529 37 13 0.7667666666666667 0.9665666666666667
129.06512 -238.20888 -797.2708 37 13 0.7667666666666667 0.9665666666666667
141.21365 -254.92345 -845.11774 37 13 0.7667666666666667 0.9665666666666667
153.64267 -271.43222 -893.07007 37 13 0.7667666666666667 0.9665666666666667
166.19641 -288.0014 -941.0843 37 13 0.7667666666666667 0.9665666666666667
179.10063 -304.2281 -988.621 37 13 0.7667666666666667 0.9665666666666667
192.25714 -320.27966 -1036.7267 37 13 0.7667666666666667 0.9665666666666667
205.73506 -336.03717 -1084.6012 37 13 0.7667666666666667 0.9665666666666667
219.33133 -351.82684 -1132.65 37 13 0.7667666666666667 0.9665666666666667
0.0 0.0 0.0 37 13 0.7667666666666667 0.9665666666666667
0.0 0.0 0.0 37 13 0.7667666666666667 0.9665666666666667
261.7934 -397.7542 -1277.0161 37 13 0.7667666666666667 0.9665666666666667
276.40656 -412.71973 -1325.3597 37 13 0.7667666666666667 0.9665666666666667
291.35672 -427.34415 -1373.841 37 13 0.7667666666666667 0.9665666666666667
306.45377 -441.90323 -1421.847 37 13 0.7667666666666667 0.9665666666666667
321.80374 -456.2337 -1470.4788 37 13 0.7667666666666667 0.9665666666666667
337.48892 -470.21628 -1518.9891 37 13 0.7667666666666667 0.9665666666666667
353.2181 -484.25107 -1567.6246 37 13 0.7667666666666667 0.9665666666666667
369.42838 -497.73007 -1616.4674 37 13 0.7667666666666667 0.9665666666666667
385.6477 -511.28973 -1665.1979 37 13 0.7667666666666667 0.9665666666666667
402.19363 -524.4955 -1713.8899 37 13 0.7667666666666667 0.9665666666666667
419.12555 -537.27167 -1762.8541 37 13 0.7667666666666667 0.9665666666666667
0.0 0.0 0.0 37 13 0.7667666666666667 0.9665666666666667
453.31433 -562.5846 -1861.3026 37 13 0.7667666666666667 0.9665666666666667
470.7648 -574.8586 -1910.412 37 13 0.7667666666666667 0.9665666666666667
488.38907 -586.94714 -1959.7795 37 13 0.7667666666666667 0.9665666666666667
506.3703 -598.6251 -2009.508 37 13 0.7667666666666667 0.9665666666666667
524.50287 -610.1334 -2058.8333 37 13 0.7667666666666667 0.9665666666666667
542.9765 -621.24506 -2108.589 37 13 0.7667666666666667 0.9665666666666667
561.56134 -632.2198 -2158.4377 37 13 0.7667666666666667 0.9665666666666667
80.6921 -111.12788 263.6196 38 3 0.10010000000000001 0.2999
91.163734 -128.89563 286.7542 38 3 0.10010000000000001 0.2999
101.43702 -146.82344 309.95776 38 3 0.10010000000000001 0.2999
111.69251 -164.64679 333.19156 38 3 0.10010000000000001 0.2999
121.815544 -182.52429 356.37277 38 3 0.10010000000000001 0.2999
131.70848 -200.60129 379.51428 38 3 0.10010000000000001 0.2999
141.47075 -218.72743 403.05057 38 3 0.10010000000000001 0.2999
151.00638 -237.04955 426.07742 38 3 0.10010000000000001 0.2999
160.2999 -255.59491 449.22165 38 3 0.10010000000000001 0.2999
169.71089 -273.7862 472.4546 38 3 0.10010000000000001 0.2999
178.7866 -292.34418 495.73285 38 3 0.10010000000000001 0.2999
0.0 0.0 0.0 38 3 0.10010000000000001 0.2999
196.45586 -329.71762 542.1075 38 3 0.10010000000000001 0.2999
205.12073 -348.40753 565.45166 38 3 0.10010000000000001 0.2999
0.0 0.0 0.0 38 3 0.10010000000000001 0.2999
221.81712 -386.27924 611.9373 38 3 0.10010000000000001 0.2999
229.95723 -405.2713 635.31726 38 3 0.10010000000000001 0.2999
237.89072 -424.4169 658.5185 38 3 0.10010000000000001 0.2999
245.70987 -443.5498 681.8586 38 3 0.10010000000000001 0.2999
253.33485 -462.81033 705.2439 38 3 0.10010000000000001 0.2999
260.72433 -482.2745 728.4863 38 3 0.10010000000000001 0.2999
267.9715 -501.77017 751.83716 38 3 0.10010000000000001 0.2999
275.16415 -521.127 775.0456 38 3 0.10010000000000001 0.2999
282.045 -540.8282 798.68005 38 3 0.10010000000000001 0.2999
288.78754 -560.5446 821.9718 38 3 0.10010000000000001 0.2999
295.44537 -580.16644 845.40955 38 3 0.10010000000000001 0.2999
301.98145 -599.7589 868.8926 38 3 0.10010000000000001 0.2999
308.1978 -619.71405 892.1394 38 3 0.10010000000000001 0.2999
314.29272 -639.63654 915.72406 38 3 0.10010000000000001 0.2999
320.20728 -659.6416 939.00745 38 3 0.10010000000000001 0.2999
326.0301 -679.5425 962.6739 38 3 0.10010000000000001 0.2999
331.59354 -699.684 986.1132 38 3 0.10010000000000001 0.2999
336.84845 -720.17535 1009.4983 38 3 0.10010000000000001 0.2999
0.0 0.0 0.0 38 3 0.10010000000000001 0.2999
347.24594 -760.45856 1056.5756 38 3 0.10010000000000001 0.2999
106.26488 -97.01901 -91.70062 39 6 0.30010000000000003 0.4999
118.94201 -113.44592 -90.9905 39 6 0.30010000000000003 0.4999
130.98795 -130.41982 -89.94311 39 6 0.30010000000000003 0.4999
142.5836 -147.73723 -89.009346 39 6 0.30010000000000003 0.4999
0.0 0.0 0.0 39 6 0.30010000000000003 0.4999
163.88164 -183.84276 -87.18169 39 6 0.30010000000000003 0.4999
173.68195 -202.47092 -86.44495 39 6 0.30010000000000003 0.4999
182.65137 -221.7567 -85.27745 39 6 0.30010000000000003 0.4999
191.25478 -241.11186 -84.55275 39 6 0.30010000000000003 0.4999
199.24959 -260.78094 -83.63417 39 6 0.30010000000000003 0.4999
206.35518 -281.10303 -82.682686 39 6 0.30010000000000003 0.4999
212.79156 -301.7641 -81.61306 39 6 0.30010000000000003 0.4999
218.75505 -322.4329 -80.98243 39 6 0.30010000000000003 0.4999
223.78369 -343.73553 -79.73046 39 6 0.30010000000000003 0.4999
228.18155 -365.1807 -79.028206 39 6 0.30010000000000003 0.4999
231.76997 -386.9975 -77.99899 39 6 0.30010000000000003 0.4999
234.53185 -409.17587 -77.00533 39 6 0.30010000000000003 0.4999
236.48659 -431.6377 -75.9735 39 6 0.30010000000000003 0.4999
237.79991 -454.01117 -74.964195 39 6 0.30010000000000003 0.4999
238.02058 -477.0886 -73.89174 39 6 0.30010000000000003 0.4999
237.51692 -500.0997 -73.19923 39 6 0.30010000000000003 0.4999
236.13602 -523.2654 -72.00036 39 6 0.30010000000000003 0.4999
233.76788 -546.7563 -71.11174 39 6 0.30010000000000003 0.4999
230.51134 -570.26636 -70.06845 39 6 0.30010000000000003 0.4999
226.23714 -594.01276 -69.09985 39 6 0.30010000000000003 0.4999
220.98503 -617.7969 -67.83898 39 6 0.30010000000000003 0.4999
214.77298 -641.429 -66.78021 39 6 0.30010000000000003 0.4999
207.35486 -665.5098 -65.6637 39 6 0.30010000000000003 0.4999
198.86649 -689.5064 -64.67387 39 6 0.30010000000000003 0.4999
189.32635 -713.1398 -63.505108 39 6 0.30010000000000003 0.4999
178.45084 -737.2673 -62.34339 39 6 0.30010000000000003 0.4999
166.45113 -760.8441 -61.264267 39 6 0.30010000000000003 0.4999
153.08896 -784.6186 -60.08836 39 6 0.30010000000000003 0.4999
138.43835 -807.91766 -58.73735 39 6 0.30010000000000003 0.4999
0.0 0.0 0.0 39 6 0.30010000000000003 0.4999
148.53226 16.7907 239.88615 40 7 0.3667666666666667 0.5665666666666667
168.87985 18.961723 235.77231 40 7 0.3667666666666667 0.5665666666666667
0.0 0.0 0.0 40 7 0.3667666666666667 0.5665666666666667
209.88101 23.59629 227.50258 40 7 0.3667666666666667 0.5665666666666667
230.53113 26.059895 223.34343 40 7 0.3667666666666667 0.5665666666666667
250.58217 28.7003 219.291 40 7 0.3667666666666667 0.5665666666666667
271.02487 31.40502 215.02696 40 7 0.3667666666666667 0.5665666666666667
291.5218 34.211884 210.89854 40 7 0.3667666666666667 0.5665666666666667
312.06934 37.12088 206.6924 40 7 0.3667666666666667 0.5665666666666667
332.2543 40.181473 202.81654 40 7 0.3667666666666667 0.5665666666666667
352.8294 43.303123 198.57721 40 7 0.3667666666666667 0.5665666666666667
373.1051 46.569416 194.44586 40 7 0.3667666666666667 0.5665666666666667
393.5556 49.921814 190.35287 40 7 0.3667666666666667 0.5665666666666667
413.5955 53.43459 186.27992 40 7 0.3667666666666667 0.5665666666666667
434.0523 57.00159 182.14651 40 7 0.3667666666666667 0.5665666666666667
454.13828 60.725067 178.10568 40 7 0.3667666666666667 0.5665666666666667
474.64264 64.50009 173.83633 40 7 0.3667666666666667 0.5665666666666667
0.0 0.0 0.0 40 7 0.3667666666666667 0.5665666666666667
515.0691 72.450584 165.53828 40 7 0.3667666666666667 0.5665666666666667
535.2295 76.59428 161.5 40 7 0.3667666666666667 0.5665666666666667
555.41876 80.84098 157.33868 40 7 0.3667666666666667 0.5665666666666667
575.7542 85.172905 153.26744 40 7 0.3667666666666667 0.5665666666666667
595.8125 89.6524 149.0563 40 7 0.3667666666666667 0.5665666666666667
615.87573 94.23814 144.95679 40 7 0.3667666666666667 0.5665666666666667
636.1095 98.90409 140.74033 40 7 0.3667666666666667 0.5665666666666667
656.05206 103.72168 136.60136 40 7 0.3667666666666667 0.5665666666666667
676.3621 108.58707 132.63687 40 7 0.3667666666666667 0.5665666666666667
696.2753 113.621895 128.41335 40 7 0.3667666666666667 0.5665666666666667
716.3754 118.73218 124.188416 40 7 0.3667666666666667 0.5665666666666667
736.3589 123.9673 120.15914 40 7 0.3667666666666667 0.5665666666666667
756.29877 129.31537 115.990005 40 7 0.3667666666666667 0.5665666666666667
776.27783 134.76208 111.81637 40 7 0.3667666666666667 0.5665666666666667
796.2055 140.32283 107.73987 40 7 0.3667666666666667 0.5665666666666667
816.16534 145.9827 103.534225 40 7 0.3667666666666667 0.5665666666666667
835.99316 151.77097 99.68642 40 7 0.3667666666666667 0.5665666666666667
55.74358 -136.70558 -18.83634 41 8 0.43343333333333334 0.6332333333333333
66.63499 -154.67049 -4.7276874 41 8 0.43343333333333334 0.6332333333333333
0.0 0.0 0.0 41 8 0.43343333333333334 0.6332333333333333
91.27436 -188.82123 24.042025 41 8 0.43343333333333334 0.6332333333333333
104.83674 -205.29755 38.170425 41 8 0.43343333333333334 0.6332333333333333
119.51581 -220.74028 52.533848 41 8 0.43343333333333334 0.6332333333333333
134.92784 -235.83531 67.024796 41 8 0.43343333333333334 0.6332333333333333
151.16914 -250.32281 81.72869 41 8 0.43343333333333334 0.6332333333333333
168.31073 -264.0222 96.40975 41 8 0.43343333333333334 0.6332333333333333
186.3125 -276.94263 111.36061 41 8 0.43343333333333334 0.6332333333333333
205.20747 -288.97653 126.41306 41 8 0.43343333333333334 0.6332333333333333
224.8295 -300.29117 141.70184 41 8 0.43343333333333334 0.6332333333333333
0.0 0.0 0.0 41 8 0.43343333333333334 0.6332333333333333
266.4337 -320.18234 172.86353 41 8 0.43343333333333334 0.6332333333333333
288.6601 -328.32117 188.71397 41 8 0.43343333333333334 0.6332333333333333
311.53723 -335.50626 205.07048 41 8 0.43343333333333334 0.6332333333333333
335.22067 -341.46658 221.27443 41 8 0.43343333333333334 0.6332333333333333
359.61893 -346.20096 237.97275 41 8 0.43343333333333334 0.6332333333333333
384.76843 -349.56567 254.9112 41 8 0.43343333333333334 0.6332333333333333
410.72144 -351.40427 272.40686 41 8 0.43343333333333334 0.6332333333333333
437.21313 -351.8166 290.3971 41 8 0.43343333333333334 0.6332333333333333
464.45984 -350.47397 308.86356 41 8 0.43343333333333334 0.6332333333333333
492.16946 -347.43497 327.62015 41 8 0.43343333333333334 0.6332333333333333
520.78845 -342.19644 347.0755 41 8 0.43343333333333334 0.6332333333333333
549.7648 -334.9245 367.4782 41 8 0.43343333333333334 0.6332333333333333
579.5947 -325.0574 388.5667 41 8 0.43343333333333334 0.6332333333333333
609.5771 -312.69766 410.24713 41 8 0.43343333333333334 0.6332333333333333
639.98645 -297.29562 433.39536 41 8 0.43343333333333334 0.6332333333333333
670.6908 -278.4318 457.81323 41 8 0.43343333333333334 0.6332333333333333
701.891 -255.3998 483.86325 41 8 0.43343333333333334 0.6332333333333333
733.1192 -227.5212 511.8956 41 8 0.43343333333333334 0.6332333333333333
764.12646 -193.57649 542.6847 41 8 0.43343333333333334 0.6332333333333333
794.3715 -151.59447 577.7232 41 8 0.43343333333333334 0.6332333333333333
823.7293 -97.672165 619.0035 41 8 0.43343333333333334 0.6332333333333333
849.78815 -22.32866 672.7968 41 8 0.43343333333333334 0.6332333333333333
-124.69418 -65.87859 -267.30048 42 8 0.43343333333333334 0.6332333333333333
-143.48538 -74.560295 -288.69965 42 8 0.43343333333333334 0.6332333333333333
-161.95137 -83.323616 -310.29462 42 8 0.43343333333333334 0.6332333333333333
-180.63763 -91.88339 -331.67456 42 8 0.43343333333333334 0.6332333333333333
-199.49258 -100.26816 -353.00125 42 8 0.43343333333333334 0.6332333333333333
-218.47318 -108.50066 -374.5064 42 8 0.43343333333333334 0.6332333333333333
-237.45615 -116.64207 -396.00558 42 8 0.43343333333333334 0.6332333333333333
-256.17474 -124.82089 -417.62445 42 8 0.43343333333333334 0.6332333333333333
-275.24533 -132.73476 -438.73398 42 8 0.43343333333333334 0.6332333333333333
-294.27133 -140.5768 -460.26862 42 8 0.43343333333333334 0.6332333333333333
-313.45422 -148.2498 -481.71695 42 8 0.43343333333333334 0.6332333333333333
-332.54266 -155.87245 -503.10233 42 8 0.43343333333333334 0.6332333333333333
0.0 0.0 0.0 42 8 0.43343333333333334 0.6332333333333333
-371.13126 -170.6372 -546.1556 42 8 0.43343333333333334 0.6332333333333333
-390.35162 -177.90793 -567.5138 42 8 0.43343333333333334 0.6332333333333333
-409.82214 -184.9667 -589.02936 42 8 0.43343333333333334 0.6332333333333333
-429.2357 -191.95284 -610.44147 42 8 0.43343333333333334 0.6332333333333333
-448.7102 -198.81223 -632.012 42 8 0.43343333333333334 0.6332333333333333
-468.34305 -205.50177 -653.5212 42 8 0.43343333333333334 0.6332333333333333
-487.72342 -212.20097 -674.8733 42 8 0.43343333333333334 0.6332333333333333
-507.43076 -218.65598 -696.2117 42 8 0.43343333333333334 0.6332333333333333
-526.96216 -225.08434 -717.82526 42 8 0.43343333333333334 0.6332333333333333
-546.8687 -231.24979 -739.509 42 8 0.43343333333333334 0.6332333333333333
-566.4371 -237.45467 -760.76794 42 8 0.43343333333333334 0.6332333333333333
-586.2965 -243.43268 -782.2924 42 8 0.43343333333333334 0.6332333333333333
-606.24634 -249.26872 -803.6798 42 8 0.43343333333333334 0.6332333333333333
-625.87463 -255.13068 -825.3746 42 8 0.43343333333333334 0.6332333333333333
-645.9198 -260.71576 -846.82166 42 8 0.43343333333333334 0.6332333333333333
-666.21906 -266.09293 -868.30853 42 8 0.43343333333333334 0.6332333333333333
-685.9001 -271.60938 -889.88477 42 8 0.43343333333333334 0.6332333333333333
-705.9909 -276.854 -911.68585 42 8 0.43343333333333334 0.6332333333333333
-726.2321 -281.93118 -933.0155 42 8 0.43343333333333334 0.6332333333333333
-746.1675 -287.01715 -954.6809 42 8 0.43343333333333334 0.6332333333333333
-766.2753 -291.9253 -976.1709 42 8 0.43343333333333334 0.6332333333333333
-786.5936 -296.64233 -997.79987 42 8 0.43343333333333334 0.6332333333333333
-49.592762 128.48312 -95.34254 43 5 0.23343333333333333 0.4332333333333333
-60.48233 146.00171 -104.86207 43 5 0.23343333333333333 0.4332333333333333
-71.43154 163.59819 -114.12089 43 5 0.23343333333333333 0.4332333333333333
-82.627 180.8436 -123.63742 43 5 0.23343333333333333 0.4332333333333333
-93.975876 197.965 -133.17496 43 5 0.23343333333333333 0.4332333333333333
-105.40681 215.10951 -142.8041 43 5 0.23343333333333333 0.4332333333333333
-116.9644 232.17719 -152.2311 43 5 0.23343333333333333 0.4332333333333333
-128.56265 249.33266 -161.73506 43 5 0.23343333333333333 0.4332333333333333
-140.54208 265.91785 -171.36261 43 5 0.23343333333333333 0.4332333333333333
-152.34592 282.99487 -180.60622 43 5 0.23343333333333333 0.4332333333333333
-164.47935 299.60858 -189.98962 43 5 0.23343333333333333 0.4332333333333333
-176.67381 316.25848 -199.82857 43 5 0.23343333333333333 0.4332333333333333
-189.01152 332.79208 -209.11203 43 5 0.23343333333333333 0.4332333333333333
-201.41603 349.34167 -218.7595 43 5 0.23343333333333333 0.4332333333333333
-214.03342 365.65164 -228.12364 43 5 0.23343333333333333 0.4332333333333333
-226.83832 381.76965 -237.6294 43 5 0.23343333333333333 0.4332333333333333
-239.74445 397.84155 -247.33174 43 5 0.23343333333333333 0.4332333333333333
-252.5722 414.15845 -256.7334 43 5 0.23343333333333333 0.4332333333333333
-265.6718 430.1391 -266.2433 43 5 0.23343333333333333 0.4332333333333333
-278.92538 445.97955 -275.83926 43 5 0.23343333333333333 0.4332333333333333
-292.25464 461.8038 -285.1506 43 5 0.23343333333333333 0.4332333333333333
-305.73358 477.4919 -294.94702 43 5 0.23343333333333333 0.4332333333333333
-319.268 493.18948 -304.34995 43 5 0.23343333333333333 0.4332333333333333
-333.02707 508.63312 -314.22287 43 5 0.23343333333333333 0.4332333333333333
-346.81793 524.11786 -323.50342 43 5 0.23343333333333333 0.4332333333333333
-360.73886 539.49097 -332.9683 43 5 0.23343333333333333 0.4332333333333333
-374.86417 554.6414 -342.68195 43 5 0.23343333333333333 0.4332333333333333
-389.0183 569.82874 -352.26752 43 5 0.23343333333333333 0.4332333333333333
-403.33798 584.8492 -361.53387 43 5 0.23343333333333333 0.4332333333333333
-417.77197 599.7768 -371.69473 43 5 0.23343333333333333 0.4332333333333333
-432.4918 614.3661 -380.76154 43 5 0.23343333333333333 0.4332333333333333
-447.0867 629.2006 -390.34122 43 5 0.23343333333333333 0.4332333333333333
-461.76648 643.9766 -400.06747 43 5 0.23343333333333333 0.4332333333333333
-476.75867 658.37714 -409.6243 43 5 0.23343333333333333 0.4332333333333333
-491.8603 672.686 -419.10147 43 5 0.23343333333333333 0.4332333333333333
-41.74673 143.83652 -317.34705 44 11 0.6334333333333333 0.8332333333333333
-48.54324 163.29532 -321.502 44 11 0.6334333333333333 0.8332333333333333
-55.624096 182.45842 -325.69174 44 11 0.6334333333333333 0.8332333333333333
-62.756927 202.0845 -329.58145 44 11 0.6334333333333333 0.8332333333333333
-70.210556 221.28978 -333.72662 44 11 0.6334333333333333 0.8332333333333333
-77.85655 240.48846 -337.86505 44 11 0.6334333333333333 0.8332333333333333
-85.78868 259.38947 -342.13297 44 11 0.6334333333333333 0.8332333333333333
-93.89966 278.32043 -346.30487 44 11 0.6334333333333333 0.8332333333333333
-102.15288 297.37842 -350.27927 44 11 0.6334333333333333 0.8332333333333333
-110.652985 316.2496 -354.22632 44 11 0.6334333333333333 0.8332333333333333
-119.446785 334.80508 -358.68073 44 11 0.6334333333333333 0.8332333333333333
-128.36386 353.5235 -362.8627 44 11 0.6334333333333333 0.8332333333333333
-137.50601 372.11285 -366.85767 44 11 0.6334333333333333 0.8332333333333333
-146.85336 390.6249 -371.02628 44 11 0.6334333333333333 0.8332333333333333
-156.41713 409.02646 -375.14023 44 11 0.6334333333333333 0.8332333333333333
-166.17918 427.36185 -379.21576 44 11 0.6334333333333333 0.8332333333333333
-176.13756 445.63144 -383.6313 44 11 0.6334333333333333 0.8332333333333333
0.0 0.0 0.0 44 11 0.6334333333333333 0.8332333333333333
-196.76552 481.6555 -391.7106 44 11 0.6334333333333333 0.8332333333333333
-207.48853 499.282 -395.8987 44 11 0.6334333333333333 0.8332333333333333
-218.20236 517.3251 -399.97098 44 11 0.6334333333333333 0.8332333333333333
-229.24846 534.96075 -404.43304 44 11 0.6334333333333333 0.8332333333333333
-240.53566 552.40924 -408.56265 44 11 0.6334333333333333 0.8332333333333333
-251.94098 569.94916 -412.65125 44 11 0.6334333333333333 0.8332333333333333
-263.64066 587.17566 -416.9546 44 11 0.6334333333333333 0.8332333333333333
-275.45062 604.49866 -421.10858 44 11 0.6334333333333333 0.8332333333333333
-287.4739 621.683 -425.2393 44 11 0.6334333333333333 0.8332333333333333
-299.8047 638.52576 -429.38113 44 11 0.6334333333333333 0.8332333333333333
-312.26242 655.4128 -433.45667 44 11 0.6334333333333333 0.8332333333333333
-324.95935 672.10156 -437.7502 44 11 0.6334333333333333 0.8332333333333333
-337.81732 688.7517 -442.17093 44 11 0.6334333333333333 0.8332333333333333
-350.9076 705.21313 -446.36005 44 11 0.6334333333333333 0.8332333333333333
-364.1846 721.5758 -450.50275 44 11 0.6334333333333333 0.8332333333333333
-377.62753 737.87604 -454.60828 44 11 0.6334333333333333 0.8332333333333333
-391.38727 753.81714 -458.77765 44 11 0.6334333333333333 0.8332333333333333
140.93695 -39.991848 -29.803703 45 6 0.30010000000000003 0.4999
160.29887 -46.74618 -20.18632 45 6 0.30010000000000003 0.4999
179.69025 -53.57947 -10.06878 45 6 0.30010000000000003 0.4999
199.18799 -60.4669 -0.39340353 45 6 0.30010000000000003 0.4999
218.58192 -67.47088 9.583 45 6 0.30010000000000003 0.4999
237.81187 -74.61122 19.291073 45 6 0.30010000000000003 0.4999
257.26175 -81.767456 29.022179 45 6 0.30010000000000003 0.4999
276.51035 -89.071724 38.694218 45 6 0.30010000000000003 0.4999
295.80783 -96.444336 48.728504 45 6 0.30010000000000003 0.4999
314.806 -103.999016 58.397125 45 6 0.30010000000000003 0.4999
334.17932 -111.513374 67.99419 45 6 0.30010000000000003 0.4999
353.03873 -119.282684 77.87137 45 6 0.30010000000000003 0.4999
0.0 0.0 0.0 45 6 0.30010000000000003 0.4999
391.26434 -134.89984 97.41815 45 6 0.30010000000000003 0.4999
410.29465 -142.85979 107.1914 45 6 0.30010000000000003 0.4999
429.39328 -150.87723 117.05505 45 6 0.30010000000000003 0.4999
448.15167 -159.09586 126.83667 45 6 0.30010000000000003 0.4999
467.27792 -167.26488 136.63618 45 6 0.30010000000000003 0.4999
486.01822 -175.65245 146.35681 45 6 0.30010000000000003 0.4999
504.80798 -184.10297 156.05005 45 6 0.30010000000000003 0.4999
523.707 -192.59335 165.84239 45 6 0.30010000000000003 0.4999
542.3517 -201.2568 175.73291 45 6 0.30010000000000003 0.4999
561.1511 -209.9421 185.48245 45 6 0.30010000000000003 0.4999
579.68536 -218.80557 195.28346 45 6 0.30010000000000003 0.4999
598.468 -227.65372 205.18669 45 6 0.30010000000000003 0.4999
617.1659 -236.61136 215.0681 45 6 0.30010000000000003 0.4999
635.5814 -245.75507 224.74507 45 6 0.30010000000000003 0.4999
653.9891 -254.97987 234.49892 45 6 0.30010000000000003 0.4999
672.4268 -264.27023 244.17424 45 6 0.30010000000000003 0.4999
690.89166 -273.6265 254.16858 45 6 0.30010000000000003 0.4999
709.2966 -283.0824 263.86905 45 6 0.30010000000000003 0.4999
727.58215 -292.66177 273.6238 45 6 0.30010000000000003 0.4999
745.85046 -302.32373 283.55554 45 6 0.30010000000000003 0.4999
764.0797 -312.07666 293.3126 45 6 0.30010000000000003 0.4999
782.36646 -321.8805 303.2081 45 6 0.30010000000000003 0.4999
138.63318 16.60696 -159.27994 46 5 0.23343333333333333 0.4332333333333333
159.24255 15.5162525 -179.17815 46 5 0.23343333333333333 0.4332333333333333
179.72751 14.330528 -199.10228 46 5 0.23343333333333333 0.4332333333333333
200.3157 13.029221 -219.38872 46 5 0.23343333333333333 0.4332333333333333
220.66943 11.634621 -239.03975 46 5 0.23343333333333333 0.4332333333333333
241.50516 10.109128 -259.22305 46 5 0.23343333333333333 0.4332333333333333
261.80002 8.500482 -279.19495 46 5 0.23343333333333333 0.4332333333333333
282.37436 6.7745104 -299.1872 46 5 0.23343333333333333 0.4332333333333333
303.03125 4.9415994 -319.27444 46 5 0.23343333333333333 0.4332333333333333
323.54224 3.0056503 -339.17276 46 5 0.23343333333333333 0.4332333333333333
0.0 0.0 0.0 46 5 0.23343333333333333 0.4332333333333333
364.4015 -1.1856943 -379.13702 46 5 0.23343333333333333 0.4332333333333333
384.9865 -3.440512 -399.16064 46 5 0.23343333333333333 0.4332333333333333
405.44037 -5.8022614 -419.33334 46 5 0.23343333333333333 0.4332333333333333
425.905 -8.27012 -439.27228 46 5 0.23343333333333333 0.4332333333333333
446.3926 -10.843455 -459.43738 46 5 0.23343333333333333 0.4332333333333333
467.0181 -13.518455 -479.28775 46 5 0.23343333333333333 0.4332333333333333
487.32242 -16.30847 -499.4988 46 5 0.23343333333333333 0.4332333333333333
507.7313 -19.201506 -519.504 46 5 0.23343333333333333 0.4332333333333333
528.1803 -22.19872 -539.4721 46 5 0.23343333333333333 0.4332333333333333
548.60754 -25.302298 -559.4835 46 5 0.23343333333333333 0.4332333333333333
568.8753 -28.519236 -579.6107 46 5 0.23343333333333333 0.4332333333333333
589.2828 -31.835062 -599.54425 46 5 0.23343333333333333 0.4332333333333333
609.6548 -35.2581 -619.8179 46 5 0.23343333333333333 0.4332333333333333
629.8836 -38.795197 -639.7901 46 5 0.23343333333333333 0.4332333333333333
650.60706 -42.406128 -659.75323 46 5 0.23343333333333333 0.4332333333333333
670.81525 -46.154865 -679.89905 46 5 0.23343333333333333 0.4332333333333333
691.0044 -50.01083 -699.94385 46 5 0.23343333333333333 0.4332333333333333
711.11273 -53.9787 -720.04834 46 5 0.23343333333333333 0.4332333333333333
731.3943 -58.03893 -740.04877 46 5 0.23343333333333333 0.4332333333333333
0.0 0.0 0.0 46 5 0.23343333333333333 0.4332333333333333
771.7923 -66.48748 -780.3964 46 5 0.23343333333333333 0.4332333333333333
792.13715 -70.85605 -800.32324 46 5 0.23343333333333333 0.4332333333333333
812.35144 -75.34037 -820.42004 46 5 0.23343333333333333 0.4332333333333333
832.6897 -79.91705 -840.60455 46 5 0.23343333333333333 0.4332333333333333
-30.835938 143.18881 281.43192 47 12 0.7001000000000001 0.8999
-36.320087 163.22534 288.93982 47 12 0.7001000000000001 0.8999
-42.07125 182.79878 297.14203 47 12 0.7001000000000001 0.8999
-47.929485 202.61926 305.0098 47 12 0.7001000000000001 0.8999
-53.960808 222.38893 312.9635 47 12 0.7001000000000001 0.8999
-60.202793 241.95508 321.14972 47 12 0.7001000000000001 0.8999
-66.58963 261.5848 329.0583 47 12 0.7001000000000001 0.8999
-73.150665 281.15567 336.82663 47 12 0.7001000000000001 0.8999
-79.86866 300.73096 345.19028 47 12 0.7001000000000001 0.8999
-86.766754 320.21985 353.07092 47 12 0.7001000000000001 0.8999
-93.90965 339.38828 360.963 47 12 0.7001000000000001 0.8999
-101.17987 358.66605 368.8267 47 12 0.7001000000000001 0.8999
-108.59242 377.98965 377.08383 47 12 0.7001000000000001 0.8999
-116.152824 397.33264 384.75473 47 12 0.7001000000000001 0.8999
0.0 0.0 0.0 47 12 0.7001000000000001 0.8999
0.0 0.0 0.0 47 12 0.7001000000000001 0.8999
-139.98087 454.57544 408.7378 47 12 0.7001000000000001 0.8999
-148.24881 473.58157 416.92108 47 12 0.7001000000000001 0.8999
-156.70938 492.45074 424.84393 47 12 0.7001000000000001 0.8999
-165.31725 511.32468 433.0001 47 12 0.7001000000000001 0.8999
-174.11696 530.06244 440.79187 47 12 0.7001000000000001 0.8999
-183.06183 548.80536 448.85983 47 12 0.7001000000000001 0.8999
-192.16275 567.5159 456.9304 47 12 0.7001000000000001 0.8999
-201.50307 585.9482 465.0451 47 12 0.7001000000000001 0.8999
-210.91162 604.59985 472.99814 47 12 0.7001000000000001 0.8999
-220.5735 622.9337 480.85754 47 12 0.7001000000000001 0.8999
-230.40488 641.19165 488.96732 47 12 0.7001000000000001 0.8999
-240.40935 659.36206 497.0059 47 12 0.7001000000000001 0.8999
-250.45804 677.7922 505.326 47 12 0.7001000000000001 0.8999
-260.79434 695.8167 513.2515 47 12 0.7001000000000001 0.8999
-271.20416 714.01074 521.2877 47 12 0.7001000000000001 0.8999
-281.89246 731.8302 529.3502 47 12 0.7001000000000001 0.8999
-292.6877 749.7241 537.13904 47 12 0.7001000000000001 0.8999
0.0 0.0 0.0 47 12 0.7001000000000001 0.8999
-314.79385 785.2183 553.568 47 12 0.7001000000000001 0.8999
46.210724 -135.12112 261.34415 48 4 0.16676666666666667 0.36656666666666665
54.548244 -154.0762 281.3686 48 4 0.16676666666666667 0.36656666666666665
0.0 0.0 0.0 48 4 0.16676666666666667 0.36656666666666665
71.79102 -191.34146 320.35287 48 4 0.16676666666666667 0.36656666666666665
80.601006 -209.92085 340.10712 48 4 0.16676666666666667 0.36656666666666665
89.4301 -228.73259 359.78802 48 4 0.16676666666666667 0.36656666666666665
98.52366 -247.14355 379.46573 48 4 0.16676666666666667 0.36656666666666665
107.77882 -265.4241 399.03677 48 4 0.16676666666666667 0.36656666666666665
116.99438 -284.06406 418.63928 48 4 0.16676666666666667 0.36656666666666665
126.44498 -302.3863 438.4557 48 4 0.16676666666666667 0.36656666666666665
136.08983 -320.4968 457.8392 48 4 0.16676666666666667 0.36656666666666665
145.80377 -338.69116 477.63913 48 4 0.16676666666666667 0.36656666666666665
155.65329 -356.8095 497.64963 48 4 0.16676666666666667 0.36656666666666665
165.63469 -374.85925 516.9244 48 4 0.16676666666666667 0.36656666666666665
175.64432 -393.07098 536.876 48 4 0.16676666666666667 0.36656666666666665
185.90369 -410.94565 556.54565 48 4 0.16676666666666667 0.36656666666666665
196.25642 -428.83292 576.221 48 4 0.16676666666666667 0.36656666666666665
206.78415 -446.55246 595.674 48 4 0.16676666666666667 0.36656666666666665
217.44485 -464.19595 615.6311 48 4 0.16676666666666667 0.36656666666666665
228.17023 -481.9065 635.42664 48 4 0.16676666666666667 0.36656666666666665
239.05844 -499.4733 654.7579 48 4 0.16676666666666667 0.36656666666666665
250.0103 -517.10236 674.6112 48 4 0.16676666666666667 0.36656666666666665
261.18994 -534.45233 694.47614 48 4 0.16676666666666667 0.36656666666666665
272.3869 -551.9546 714.2489 48 4 0.16676666666666667 0.36656666666666665
283.8703 -569.0613 733.8245 48 4 0.16676666666666667 0.36656666666666665
295.32748 -586.4014 753.8004 48 4 0.16676666666666667 0.36656666666666665
307.07715 -603.33826 773.59143 48 4 0.16676666666666667 0.36656666666666665
318.78195 -620.53656 793.15247 48 4 0.16676666666666667 0.36656666666666665
330.62244 -637.6373 812.9448 48 4 0.16676666666666667 0.36656666666666665
342.6671 -654.509 832.7122 48 4 0.16676666666666667 0.36656666666666665
354.88547 -671.2122 852.60486 48 4 0.16676666666666667 0.36656666666666665
367.05408 -688.167 872.3934 48 4 0.16676666666666667 0.36656666666666665
0.0 0.0 0.0 48 4 0.16676666666666667 0.36656666666666665
392.05722 -721.29 912.0452 48 4 0.16676666666666667 0.36656666666666665
404.6973 -737.82 931.821 48 4 0.16676666666666667 0.36656666666666665
-117.322716 -71.695175 -202.70972 49 0 0.0 0.0999
-135.24153 -81.8539 -194.49239 49 0 0.0 0.0999
-153.51764 -91.70299 -185.96626 49 0 0.0 0.0999
0.0 0.0 0.0 49 0 0.0 0.0999
-189.65424 -111.36049 -169.53941 49 0 0.0 0.0999
-207.79727 -120.994705 -161.02557 49 0 0.0 0.0999
-226.23341 -130.35677 -153.0233 49 0 0.0 0.0999
-244.51404 -139.70528 -144.57065 49 0 0.0 0.0999
-263.1105 -148.76868 -136.28676 49 0 0.0 0.0999
-281.71652 -157.72131 -127.93932 49 0 0.0 0.0999
-300.29068 -166.58391 -119.493385 49 0 0.0 0.0999
-319.09845 -175.2078 -111.33742 49 0 0.0 0.0999
-337.96533 -183.68935 -102.811104 49 0 0.0 0.0999
-356.8125 -192.06964 -94.71565 49 0 0.0 0.0999
-375.79614 -200.2628 -86.273994 49 0 0.0 0.0999
-394.8889 -208.28322 -77.98963 49 0 0.0 0.0999
-413.9311 -216.21378 -69.576805 49 0 0.0 0.0999
0.0 0.0 0.0 49 0 0.0 0.0999
-452.36838 -231.53506 -52.956406 49 0 0.0 0.0999
-471.73126 -238.94147 -44.672024 49 0 0.0 0.0999
-491.21487 -246.16515 -36.281654 49 0 0.0 0.0999
-510.46637 -253.38101 -27.877499 49 0 0.0 0.0999
-530.0793 -260.29184 -19.559301 49 0 0.0 0.0999
-549.58264 -267.13 -11.2227335 49 0 0.0 0.0999
-569.35034 -273.712 -2.917393 49 0 0.0 0.0999
-589.0486 -280.19858 5.744777 49 0 0.0 0.0999
-608.7987 -286.5296 13.896902 49 0 0.0 0.0999
-628.7682 -292.62582 22.251118 49 0 0.0 0.0999
-648.641 -298.63416 30.686247 49 0 0.0 0.0999
-668.44525 -304.53836 39.12722 49 0 0.0 0.0999
-688.7089 -310.09766 47.310806 49 0 0.0 0.0999
-708.7304 -315.62943 55.885136 49 0 0.0 0.0999
-728.78424 -321.00732 64.34686 49 0 0.0 0.0999
-749.0559 -326.1491 72.68476 49 0 0.0 0.0999
-769.48285 -331.08316 81.0987 49 0 0.0 0.0999
134.97414 -46.399895 -15.491224 50 3 0.10010000000000001 0.2999
154.1376 -53.480316 -33.248222 50 3 0.10010000000000001 0.2999
173.79114 -60.192654 -50.70701 50 3 0.10010000000000001 0.2999
193.38907 -66.72426 -68.236115 50 3 0.10010000000000001 0.2999
213.0123 -73.04545 -86.026245 50 3 0.10010000000000001 0.2999
232.50096 -79.2086 -103.55919 50 3 0.10010000000000001 0.2999
252.5701 -84.96899 -121.07587 50 3 0.10010000000000001 0.2999
272.35474 -90.618546 -138.59142 50 3 0.10010000000000001 0.2999
292.12003 -96.06419 -156.30595 50 3 0.10010000000000001 0.2999
312.38275 -101.13556 -173.79337 50 3 0.10010000000000001 0.2999
332.5945 -106.012085 -191.67151 50 3 0.10010000000000001 0.2999
352.4374 -110.79039 -209.21672 50 3 0.10010000000000001 0.2999
372.66748 -115.22856 -227.08562 50 3 0.10010000000000001 0.2999
393.17258 -119.36402 -244.69173 50 3 0.10010000000000001 0.2999
413.50882 -123.33108 -262.07123 50 3 0.10010000000000001 0.2999
433.68054 -127.12315 -279.98013 50 3 0.10010000000000001 0.2999
454.34573 -130.54587 -297.6354 50 3 0.10010000000000001 0.2999
474.7636 -133.81366 -315.5838 50 3 0.10010000000000001 0.2999
495.40396 -136.79016 -333.17007 50 3 0.10010000000000001 0.2999
0.0 0.0 0.0 50 3 0.10010000000000001 0.2999
536.7396 -142.03679 -368.7038 50 3 0.10010000000000001 0.2999
557.65356 -144.24614 -386.43524 50 3 0.10010000000000001 0.2999
578.2907 -146.2917 -404.18033 50 3 0.10010000000000001 0.2999
0.0 0.0 0.0 50 3 0.10010000000000001 0.2999
0.0 0.0 0.0 50 3 0.10010000000000001 0.2999
640.9096 -150.8167 -457.8096 50 3 0.10010000000000001 0.2999
661.76263 -151.8459 -475.7982 50 3 0.10010000000000001 0.2999
683.05475 -152.53128 -493.7404 50 3 0.10010000000000001 0.2999
704.0102 -153.04726 -511.6337 50 3 0.10010000000000001 0.2999
724.9301 -153.32204 -529.73145 50 3 0.10010000000000001 0.2999
746.0224 -153.31023 -547.55756 50 3 0.10010000000000001 0.2999
767.16284 -153.03767 -565.49524 50 3 0.10010000000000001 0.2999
788.4541 -152.48347 -583.693 50 3 0.10010000000000001 0.2999
809.38 -151.74516 -601.6802 50 3 0.10010000000000001 0.2999
830.8218 -150.6544 -619.8297 50 3 0.10010000000000001 0.2999
-3.800303 148.25632 86.25761 51 6 0.30010000000000003 0.4999
-6.0835395 168.77293 112.45076 51 6 0.30010000000000003 0.4999
-8.660853 189.37752 138.78682 51 6 0.30010000000000003 0.4999
-11.549206 209.7015 165.16197 51 6 0.30010000000000003 0.4999
-14.723171 230.24649 191.55327 51 6 0.30010000000000003 0.4999
-18.197973 250.70706 218.07317 51 6 0.30010000000000003 0.4999
-22.009907 270.64877 244.23735 51 6 0.30010000000000003 0.4999
0.0 0.0 0.0 51 6 0.30010000000000003 0.4999
-30.46254 311.31912 297.11053 51 6 0.30010000000000003 0.4999
0.0 0.0 0.0 51 6 0.30010000000000003 0.4999
-40.117237 351.72137 350.042 51 6 0.30010000000000003 0.4999
-45.392345 371.8468 376.38187 51 6 0.30010000000000003 0.4999
-50.972366 391.86667 403.18588 51 6 0.30010000000000003 0.4999
-56.845276 411.87247 429.61063 51 6 0.30010000000000003 0.4999
-63.04624 431.6118 456.3276 51 6 0.30010000000000003 0.4999
-69.5365 451.36368 482.9963 51 6 0.30010000000000003 0.4999
-76.30883 471.15695 509.35184 51 6 0.30010000000000003 0.4999
-83.37032 490.93015 536.2553 51 6 0.30010000000000003 0.4999
-90.7668 510.41425 563.0221 51 6 0.30010000000000003 0.4999
-98.453064 529.8757 589.76074 51 6 0.30010000000000003 0.4999
-106.36459 549.6363 616.4881 51 6 0.30010000000000003 0.4999
-114.71451 568.5898 643.4378 51 6 0.30010000000000003 0.4999
-123.268486 587.93176 670.0955 51 6 0.30010000000000003 0.4999
-132.1779 606.9098 697.0607 51 6 0.30010000000000003 0.4999
0.0 0.0 0.0 51 6 0.30010000000000003 0.4999
-150.83058 644.86255 750.9905 51 6 0.30010000000000003 0.4999
0.0 0.0 0.0 51 6 0.30010000000000003 0.4999
-170.67047 682.41785 805.1508 51 6 0.30010000000000003 0.4999
-181.02899 701.0599 832.39105 51 6 0.30010000000000003 0.4999
-191.72865 719.4201 859.6666 51 6 0.30010000000000003 0.4999
-202.6971 737.7724 886.7832 51 6 0.30010000000000003 0.4999
-213.9935 755.89343 914.2769 51 6 0.30010000000000003 0.4999
-225.58737 773.89246 941.72345 51 6 0.30010000000000003 0.4999
-237.43816 791.8998 969.0053 51 6 0.30010000000000003 0.4999
-249.59637 809.7355 996.4417 51 6 0.30010000000000003 0.4999
-41.4274 -134.38339 244.7581 52 1 0.0 0.16656666666666667
-49.82506 -153.24498 255.76372 52 1 0.0 0.16656666666666667
-58.590115 -171.8585 266.42532 52 1 0.0 0.16656666666666667
-67.640945 -190.45929 277.288 52 1 0.0 0.16656666666666667
-77.03514 -208.8681 288.21936 52 1 0.0 0.16656666666666667
-86.78892 -227.03932 298.97675 52 1 0.0 0.16656666666666667
-96.76114 -245.33115 309.98038 52 1 0.0 0.16656666666666667
-107.14257 -263.2414 320.62772 52 1 0.0 0.16656666666666667
-117.754005 -281.2094 331.73795 52 1 0.0 0.16656666666666667
-128.789 -298.75998 342.89124 52 1 0.0 0.16656666666666667
-140.15372 -316.11725 353.64444 52 1 0.0 0.16656666666666667
-151.81522 -333.3474 364.41647 52 1 0.0 0.16656666666666667
-163.72293 -350.54703 375.51773 52 1 0.0 0.16656666666666667
-176.08597 -367.26074 386.48227 52 1 0.0 0.16656666666666667
-188.63101 -384.05905 397.5577 52 1 0.0 0.16656666666666667
-201.5499 -400.53333 408.63116 52 1 0.0 0.16656666666666667
-214.76845 -416.8288 419.6429 52 1 0.0 0.16656666666666667
-228.24866 -433.00833 430.35428 52 1 0.0 0.16656666666666667
-242.15616 -448.75107 441.5527 52 1 0.0 0.16656666666666667
-256.27255 -464.4602 452.66333 52 1 0.0 0.16656666666666667
-270.80524 -479.74844 463.97314 52 1 0.0 0.16656666666666667
-285.4335 -495.1773 474.8369 52 1 0.0 0.16656666666666667
-300.51102 -510.1152 486.0169 52 1 0.0 0.16656666666666667
-315.90076 -524.7984 497.4564 52 1 0.0 0.16656666666666667
-331.46704 -539.44104 508.5294 52 1 0.0 0.16656666666666667
-347.52863 -553.51495 519.6983 52 1 0.0 0.16656666666666667
-363.63058 -567.74194 531.0861 52 1 0.0 0.16656666666666667
-380.2573 -581.3488 542.36084 52 1 0.0 0.16656666666666667
-397.00922 -594.948 553.8827 52 1 0.0 0.16656666666666667
-414.1349 -608.1512 565.0749 52 1 0.0 0.16656666666666667
-431.5332 -621.1034 576.57495 52 1 0.0 0.16656666666666667
-449.3065 -633.6505 587.91705 52 1 0.0 0.16656666666666667
-467.36182 -645.9203 599.44147 52 1 0.0 0.16656666666666667
-485.61853 -658.0132 611.18134 52 1 0.0 0.16656666666666667
-504.00195 -670.0134 622.4953 52 1 0.0 0.16656666666666667
-93.345505 -109.00593 26.991098 53 12 0.7001000000000001 0.8999
-106.565506 -124.812675 -0.685906 53 12 0.7001000000000001 0.8999
-119.64174 -140.76295 -28.54109 53 12 0.7001000000000001 0.8999
-132.84807 -156.53435 -56.373047 53 12 0.7001000000000001 0.8999
-145.87085 -172.49454 -84.0395 53 12 0.7001000000000001 0.8999
-158.7491 -188.59784 -111.856186 53 12 0.7001000000000001 0.8999
-171.74 -204.53821 -139.72241 53 12 0.7001000000000001 0.8999
-184.5681 -220.6416 -167.36938 53 12 0.7001000000000001 0.8999
-197.21841 -236.92659 -195.18883 53 12 0.7001000000000001 0.8999
-209.82564 -253.23149 -223.09012 53 12 0.7001000000000001 0.8999
-222.37602 -269.57175 -250.9242 53 12 0.7001000000000001 0.8999
-234.87003 -285.94565 -278.64713 53 12 0.7001000000000001 0.8999
-247.29387 -302.36902 -306.56766 53 12 0.7001000000000001 0.8999
-259.52197 -318.99533 -334.30338 53 12 0.7001000000000001 0.8999
-271.7718 -335.55728 -362.1862 53 12 0.7001000000000001 0.8999
-283.8727 -352.2641 -389.92667 53 12 0.7001000000000001 0.8999
-295.84628 -369.08942 -417.65048 53 12 0.7001000000000001 0.8999
-307.75455 -385.9557 -445.48404 53 12 0.7001000000000001 0.8999
-319.80334 -402.6025 -473.4762 53 12 0.7001000000000001 0.8999
-331.47208 -419.6841 -501.25287 53 12 0.7001000000000001 0.8999
-343.26828 -436.5596 -529.15186 53 12 0.7001000000000001 0.8999
-354.80627 -453.71747 -556.99756 53 12 0.7001000000000001 0.8999
-366.32785 -470.8496 -584.706 53 12 0.7001000000000001 0.8999
-377.78848 -488.0115 -612.51044 53 12 0.7001000000000001 0.8999
-389.07376 -505.35052 -640.5794 53 12 0.7001000000000001 0.8999
-400.4857 -522.4736 -668.58606 53 12 0.7001000000000001 0.8999
-411.59088 -539.94434 -696.26404 53 12 0.7001000000000001 0.8999
-422.64725 -557.4264 -724.1682 53 12 0.7001000000000001 0.8999
-433.59445 -574.9983 -751.806 53 12 0.7001000000000001 0.8999
-444.5323 -592.5268 -779.7332 53 12 0.7001000000000001 0.8999
-455.43927 -610.03827 -807.60315 53 12 0.7001000000000001 0.8999
-466.08182 -627.8455 -835.71643 53 12 0.7001000000000001 0.8999
-476.77823 -645.52057 -863.59735 53 12 0.7001000000000001 0.8999
-487.2873 -663.388 -891.71405 53 12 0.7001000000000001 0.8999
-497.85297 -681.11536 -919.46967 53 12 0.7001000000000001 0.8999
-128.18486 -40.052883 -5.06978 54 3 0.10010000000000001 0.2999
-148.11377 -44.97693 -20.83436 54 3 0.10010000000000001 0.2999
-168.53186 -49.252014 -37.15495 54 3 0.10010000000000001 0.2999
-188.98486 -53.00863 -53.23291 54 3 0.10010000000000001 0.2999
-209.6681 -56.18264 -69.10163 54 3 0.10010000000000001 0.2999
-230.1645 -58.876415 -85.54387 54 3 0.10010000000000001 0.2999
-250.88857 -60.969543 -101.71951 54 3 0.10010000000000001 0.2999
-271.94614 -62.434284 -117.693855 54 3 0.10010000000000001 0.2999
-292.7894 -63.39064 -134.33908 54 3 0.10010000000000001 0.2999
-313.83963 -63.73321 -150.46445 54 3 0.10010000000000001 0.2999
-335.11444 -63.45613 -167.05319 54 3 0.10010000000000001 0.2999
-356.02344 -62.662045 -183.3443 54 3 0.10010000000000001 0.2999
-377.63388 -61.153046 -199.96193 54 3 0.10010000000000001 0.2999
-398.45663 -59.16964 -216.51231 54 3 0.10010000000000001 0.2999
-419.8163 -56.492218 -233.17589 54 3 0.10010000000000001 0.2999
-440.9822 -53.222946 -249.84077 54 3 0.10010000000000001 0.2999
-462.4851 -49.28942 -266.72803 54 3 0.10010000000000001 0.2999
0.0 0.0 0.0 54 3 0.10010000000000001 0.2999
-504.86566 -39.58676 -300.42416 54 3 0.10010000000000001 0.2999
-526.08624 -33.765415 -317.45425 54 3 0.10010000000000001 0.2999
-547.1802 -27.298512 -334.60742 54 3 0.10010000000000001 0.2999
-567.99384 -20.18133 -351.9167 54 3 0.10010000000000001 0.2999
-589.1836 -12.383829 -369.22723 54 3 0.10010000000000001 0.2999
-610.05096 -3.9235244 -386.8619 54 3 0.10010000000000001 0.2999
-630.43616 5.217695 -404.27707 54 3 0.10010000000000001 0.2999
-651.3564 15.039664 -422.06375 54 3 0.10010000000000001 0.2999
0.0 0.0 0.0 54 3 0.10010000000000001 0.2999
-691.9728 36.78379 -457.60455 54 3 0.10010000000000001 0.2999
-711.9262 48.72496 -475.58438 54 3 0.10010000000000001 0.2999
-731.77386 61.380688 -494.1244 54 3 0.10010000000000001 0.2999
-750.87115 74.817566 -512.6177 54 3 0.10010000000000001 0.2999
-770.689 88.89779 -531.143 54 3 0.10010000000000001 0.2999
-789.58673 103.79778 -549.81976 54 3 0.10010000000000001 0.2999
-808.20447 119.461464 -568.9505 54 3 0.10010000000000001 0.2999
-826.7269 135.86497 -587.8343 54 3 0.10010000000000001 0.2999
-7.335268 -145.09267 196.34084 55 12 0.7001000000000001 0.8999
-8.257047 -165.61154 192.15353 55 12 0.7001000000000001 0.8999
-9.026226 -186.24376 188.374 55 12 0.7001000000000001 0.8999
0.0 0.0 0.0 55 12 0.7001000000000001 0.8999
-10.125382 -227.47098 180.29617 55 12 0.7001000000000001 0.8999
-10.456308 -248.03409 176.25365 55 12 0.7001000000000001 0.8999
-10.631774 -268.79504 172.51225 55 12 0.7001000000000001 0.8999
-10.671533 -289.2571 168.2579 55 12 0.7001000000000001 0.8999
-10.557714 -309.86832 164.49352 55 12 0.7001000000000001 0.8999
-10.292819 -330.58463 160.30527 55 12 0.7001000000000001 0.8999
-9.886886 -351.07837 156.59196 55 12 0.7001000000000001 0.8999
-9.320205 -372.0501 152.455 55 12 0.7001000000000001 0.8999
-8.622191 -392.35825 148.55043 55 12 0.7001000000000001 0.8999
-7.766 -413.0932 144.73761 55 12 0.7001000000000001 0.8999
-6.766476 -433.5582 140.76326 55 12 0.7001000000000001 0.8999
-5.6148653 -454.2441 136.85619 55 12 0.7001000000000001 0.8999
-4.3138494 -475.08545 132.79831 55 12 0.7001000000000001 0.8999
-2.8678384 -495.57764 128.4593 55 12 0.7001000000000001 0.8999
-1.272308 -516.13257 124.74701 55 12 0.7001000000000001 0.8999
0.47214386 -536.76215 120.67081 55 12 0.7001000000000001 0.8999
2.3655322 -557.2914 116.56935 55 12 0.7001000000000001 0.8999
4.407311 -577.92676 112.43029 55 12 0.7001000000000001 0.8999
6.5979857 -598.52466 108.76212 55 12 0.7001000000000001 0.8999
8.939608 -618.9686 104.71909 55 12 0.7001000000000001 0.8999
0.0 0.0 0.0 55 12 0.7001000000000001 0.8999
14.061444 -660.3567 96.69116 55 12 0.7001000000000001 0.8999
16.85219 -680.7331 92.59001 55 12 0.7001000000000001 0.8999
19.787958 -701.2894 88.738235 55 12 0.7001000000000001 0.8999
22.874067 -721.79675 84.68197 55 12 0.7001000000000001 0.8999
26.108593 -742.3221 80.5465 55 12 0.7001000000000001 0.8999
29.493706 -762.80194 76.62438 55 12 0.7001000000000001 0.8999
33.02229 -783.4141 72.71913 55 12 0.7001000000000001 0.8999
36.713398 -803.70844 68.637924 55 12 0.7001000000000001 0.8999
40.54618 -824.1742 64.6299 55 12 0.7001000000000001 0.8999
44.530018 -844.5966 60.63501 55 12 0.7001000000000001 0.8999
-111.27135 98.53756 -31.04086 56 15 0.9001 1.0
-126.47202 112.42869 -60.908535 56 15 0.9001 1.0
-141.85498 126.1249 -90.71537 56 15 0.9001 1.0
-157.57196 139.48804 -120.63209 56 15 0.9001 1.0
-173.43782 152.67935 -150.47794 56 15 0.9001 1.0
-189.68408 165.49289 -180.43553 56 15 0.9001 1.0
-205.60703 178.54005 -210.58887 56 15 0.9001 1.0
-221.95003 191.1677 -240.42775 56 15 0.9001 1.0
-238.51555 203.5463 -270.2979 56 15 0.9001 1.0
-255.44249 215.55644 -300.4364 56 15 0.9001 1.0
-272.00348 227.80838 -330.46332 56 15 0.9001 1.0
-289.185 239.4683 -360.537 56 15 0.9001 1.0
-306.222 251.17181 -390.58148 56 15 0.9001 1.0
-323.5509 262.55362 -420.7493 56 15 0.9001 1.0
-341.0344 273.7241 -450.7624 56 15 0.9001 1.0
-358.79965 284.57895 -480.89407 56 15 0.9001 1.0
-376.59033 295.31934 -511.0494 56 15 0.9001 1.0
-394.5076 305.86008 -541.2087 56 15 0.9001 1.0
-412.78546 316.0179 -571.56433 56 15 0.9001 1.0
-431.0254 326.09692 -601.7184 56 15 0.9001 1.0
-449.22702 336.08905 -632.0491 56 15 0.9001 1.0
-467.85217 345.64474 -662.2172 56 15 0.9001 1.0
-486.51538 355.0496 -692.54095 56 15 0.9001 1.0
-505.45807 364.12338 -722.9439 56 15 0.9001 1.0
-524.2616 373.16455 -753.4255 56 15 0.9001 1.0
-543.4947 381.76263 -783.80145 56 15 0.9001 1.0
-562.7941 390.17413 -814.315 56 15 0.9001 1.0
-582.10547 398.43118 -844.86 56 15 0.9001 1.0
-601.5934 406.41586 -875.3692 56 15 0.9001 1.0
-621.2123 414.1565 -906.0827 56 15 0.9001 1.0
-640.9122 421.68262 -936.8503 56 15 0.9001 1.0
-660.8819 428.8671 -967.5141 56 15 0.9001 1.0
-680.9606 435.81342 -998.14746 56 15 0.9001 1.0
-701.0143 442.60233 -1028.8169 56 15 0.9001 1.0
-721.4535 448.97104 -1059.8759 56 15 0.9001 1.0
-129.55388 45.80965 -221.37715 57 13 0.7667666666666667 0.9665666666666667
-147.94963 54.78504 -226.10364 57 13 0.7667666666666667 0.9665666666666667
-166.52388 63.81775 -230.79593 57 13 0.7667666666666667 0.9665666666666667
-184.8276 73.074745 -235.48201 57 13 0.7667666666666667 0.9665666666666667
-203.18642 82.429985 -239.92131 57 13 0.7667666666666667 0.9665666666666667
-221.5666 91.892815 -244.71887 57 13 0.7667666666666667 0.9665666666666667
-239.88394 101.49574 -249.24362 57 13 0.7667666666666667 0.9665666666666667
-257.87625 111.35106 -254.06403 57 13 0.7667666666666667 0.9665666666666667
-276.05484 121.23949 -258.57037 57 13 0.7667666666666667 0.9665666666666667
-294.05313 131.31798 -263.1185 57 13 0.7667666666666667 0.9665666666666667
-311.9969 141.53108 -267.94928 57 13 0.7667666666666667 0.9665666666666667
0.0 0.0 0.0 57 13 0.7667666666666667 0.9665666666666667
-347.6813 162.37468 -277.3514 57 13 0.7667666666666667 0.9665666666666667
-365.27707 173.0719 -281.84982 57 13 0.7667666666666667 0.9665666666666667
-382.85217 183.88493 -286.53625 57 13 0.7667666666666667 0.9665666666666667
-400.43692 194.79706 -291.22156 57 13 0.7667666666666667 0.9665666666666667
-417.66806 205.98479 -295.85712 57 13 0.7667666666666667 0.9665666666666667
-435.2653 217.09326 -300.63022 57 13 0.7667666666666667 0.9665666666666667
-452.43503 228.51419 -305.2652 57 13 0.7667666666666667 0.9665666666666667
-469.65042 240.01123 -310.0159 57 13 0.7667666666666667 0.9665666666666667
-486.84085 251.61768 -314.49753 57 13 0.7667666666666667 0.9665666666666667
-503.92926 263.37195 -319.26428 57 13 0.7667666666666667 0.9665666666666667
-520.5564 275.4634 -323.99933 57 13 0.7667666666666667 0.9665666666666667
-537.6581 287.3975 -328.51395 57 13 0.7667666666666667 0.9665666666666667
-554.42175 299.60263 -333.43515 57 13 0.7667666666666667 0.9665666666666667
-571.2369 311.86954 -337.99832 57 13 0.7667666666666667 0.9665666666666667
-587.6501 324.44516 -342.52368 57 13 0.7667666666666667 0.9665666666666667
-604.10693 337.08548 -347.4677 57 13 0.7667666666666667 0.9665666666666667
-620.5945 349.79453 -351.96722 57 13 0.7667666666666667 0.9665666666666667
-636.80334 362.74548 -356.6709 57 13 0.7667666666666667 0.9665666666666667
-653.0469 375.76035 -361.44492 57 13 0.7667666666666667 0.9665666666666667
0.0 0.0 0.0 57 13 0.7667666666666667 0.9665666666666667
-685.09875 402.28558 -370.86075 57 13 0.7667666666666667 0.9665666666666667
-701.1698 415.64008 -375.44186 57 13 0.7667666666666667 0.9665666666666667
-716.9547 429.2409 -380.2019 57 13 0.7667666666666667 0.9665666666666667
