x y z track_id event_id
-107.4608 -77.948074 -106.19822 0 0
-124.61246 -89.34102 -156.86736 0 0
-141.91733 -100.57672 -207.38791 0 0
-159.18544 -111.78999 -258.12057 0 0
-176.50482 -122.91701 -308.4489 0 0
-193.96089 -133.89806 -359.4514 0 0
-211.26309 -144.93304 -409.77765 0 0
-228.85788 -155.71434 -460.41354 0 0
-246.42068 -166.46416 -510.88693 0 0
-264.07584 -177.09726 -561.4919 0 0
-281.87805 -187.57713 -612.1022 0 0
-299.4547 -198.15086 -662.7678 0 0
-317.42566 -208.407 -713.11346 0 0
-335.49835 -218.54031 -763.8362 0 0
-353.29724 -228.79419 -814.5782 0 0
-371.25452 -238.88562 -865.333 0 0
-389.23972 -248.89876 -915.8664 0 0
-407.44632 -258.70993 -966.45013 0 0
-425.66348 -268.45364 -1017.26227 0 0
-443.7412 -278.22287 -1067.992 0 0
-462.09622 -287.7552 -1118.6472 0 0
-480.45346 -297.22293 -1169.1921 0 0
-498.84457 -306.60553 -1220.145 0 0
-517.3284 -315.86627 -1270.7113 0 0
-535.6544 -325.1571 -1321.4888 0 0
-554.3734 -334.14304 -1372.1782 0 0
-573.00116 -343.1175 -1422.9889 0 0
-591.65814 -352.0066 -1473.7223 0 0
-610.2435 -360.8692 -1524.4652 0 0
-629.1418 -369.47757 -1575.1617 0 0
-647.95154 -378.0683 -1625.97 0 0
-666.80133 -386.56494 -1676.7843 0 0
-685.80615 -394.90048 -1727.6565 0 0
-704.8725 -403.12918 -1778.7017 0 0
-723.797 -411.3662 -1829.1155 0 0
98.75433 111.12256 203.28824 1 0
111.716354 127.09231 198.11507 1 0
124.43435 143.31404 192.70496 1 0
137.21608 159.43526 187.39459 1 0
149.79433 175.76427 181.75029 1 0
162.3806 192.05402 176.49353 1 0
174.77925 208.53471 171.17824 1 0
187.13338 225.03679 165.60428 1 0
199.54132 241.43967 160.33131 1 0
211.7536 258.04333 154.98834 1 0
224.04436 274.5139 149.64407 1 0
235.81247 291.58902 144.1491 1 0
248.04506 308.0521 138.94681 1 0
259.81952 325.0433 133.21028 1 0
271.72974 341.82367 127.93689 1 0
283.50592 358.729 122.401306 1 0
295.17752 375.72247 116.960686 1 0
306.70544 392.85406 111.78312 1 0
318.2515 409.91608 106.27655 1 0
329.64496 427.12683 100.93471 1 0
341.0129 444.32172 95.49359 1 0
352.2634 461.61932 90.02042 1 0
363.32797 479.11005 84.790825 1 0
374.42557 496.5053 79.165276 1 0
385.4379 513.9596 73.95496 1 0
396.36304 531.47485 68.370735 1 0
407.2184 549.0271 63.179432 1 0
417.86328 566.80615 57.589783 1 0
428.71912 584.2396 52.28782 1 0
439.19635 602.1284 46.761925 1 0
449.64212 620.0 41.52609 1 0
460.0379 637.87823 36.14521 1 0
470.42044 655.7104 30.647865 1 0
480.56796 673.80505 25.391998 1 0
490.67654 691.8887 19.880604 1 0
145.183 -2.3695724 -76.93341 2 1
165.8592 -2.1417983 -106.7376 2 1
186.4414 -1.5970416 -137.10304 2 1
207.25859 -0.73239845 -167.08446 2 1
227.91756 0.44946483 -196.94263 2 1
248.40599 1.9515151 -227.0402 2 1
269.01566 3.7730012 -257.10516 2 1
289.50174 5.9168005 -287.2226 2 1
310.21973 8.375755 -317.2277 2 1
330.79013 11.157933 -347.2928 2 1
351.2087 14.266278 -377.51526 2 1
371.70306 17.692806 -407.78958 2 1
392.2033 21.43933 -438.09827 2 1
412.6295 25.510113 -467.99664 2 1
433.03244 29.902575 -498.61002 2 1
453.20728 34.63208 -528.8693 2 1
473.54706 39.66985 -559.2568 2 1
493.6941 45.043808 -589.7157 2 1
513.93774 50.728565 -620.12573 2 1
534.00903 56.74924 -650.5562 2 1
554.1977 63.075344 -681.0542 2 1
574.4135 69.7136 -711.7022 2 1
594.1102 76.73224 -742.416 2 1
613.9359 84.05274 -773.0045 2 1
633.453 91.73347 -803.8279 2 1
653.28687 99.68416 -834.7932 2 1
673.059 107.95585 -865.7412 2 1
692.31757 116.62367 -896.5365 2 1
711.7239 125.58068 -927.677 2 1
731.14795 134.84462 -958.68726 2 1
750.17523 144.49199 -989.89453 2 1
769.3116 154.42792 -1021.0675 2 1
788.31683 164.69667 -1052.6774 2 1
807.1524 175.30653 -1083.735 2 1
825.55457 186.31761 -1115.1611 2 1
-26.17824 -137.26216 250.43602 3 1
-29.183802 -157.90312 267.21793 3 1
-32.08882 -178.14006 283.6774 3 1
-34.770824 -198.63307 300.3082 3 1
-37.275978 -219.12775 317.0012 3 1
-39.612186 -239.5711 333.69568 3 1
-41.766144 -260.0363 350.2832 3 1
-43.73055 -280.567 366.79724 3 1
-45.472927 -301.37918 383.4064 3 1
-47.11994 -321.6293 400.00833 3 1
-48.49997 -342.46774 416.66293 3 1
-49.72991 -363.09628 433.31274 3 1
-50.797825 -383.57773 449.8012 3 1
-51.63682 -404.41446 466.70395 3 1
-52.33623 -424.91583 483.38486 3 1
-52.8197 -445.68152 499.8401 3 1
-53.133713 -466.33032 516.73065 3 1
-53.243183 -487.1631 533.4069 3 1
-53.211327 -507.59528 549.92163 3 1
-52.941544 -528.5307 566.8406 3 1
-52.516296 -549.1739 583.0975 3 1
-51.891243 -569.9624 600.068 3 1
-51.076218 -590.80005 617.1142 3 1
-50.095207 -611.3968 633.4269 3 1
-48.918873 -632.0838 650.29346 3 1
-47.55218 -652.80426 667.1453 3 1
-45.995735 -673.5503 683.7973 3 1
-44.245327 -694.3878 700.5962 3 1
-42.30719 -715.22687 717.3086 3 1
-40.190365 -735.8964 734.2953 3 1
-37.884777 -756.54553 750.97205 3 1
-35.382954 -777.32623 767.97546 3 1
-32.69387 -798.0572 784.7381 3 1
-29.812353 -818.8555 801.61957 3 1
-26.744926 -839.5387 818.4508 3 1
-51.465042 -110.972336 205.93924 4 2
-54.508526 -131.28426 228.50081 4 2
-57.001183 -151.83882 251.28915 4 2
-58.98497 -172.55229 273.84207 4 2
-60.66316 -192.78207 296.90634 4 2
-61.572586 -213.96646 319.76022 4 2
-62.181297 -234.56934 342.54938 4 2
-62.24803 -255.38354 365.2894 4 2
-61.83706 -276.15033 388.23328 4 2
-60.915695 -296.985 411.18063 4 2
-59.48418 -317.87643 434.26498 4 2
-57.551434 -338.76 457.46063 4 2
-55.086914 -359.80292 480.44754 4 2
-52.131237 -380.73615 503.4779 4 2
-48.675022 -401.5642 526.7681 4 2
-44.69958 -422.38937 550.1839 4 2
-40.21499 -443.0724 573.6057 4 2
-35.18446 -463.98865 597.03766 4 2
-29.645226 -484.67416 620.54846 4 2
-23.582815 -505.20016 644.1667 4 2
-16.984753 -525.7238 667.834 4 2
-9.854194 -546.06464 691.54865 4 2
-2.182458 -566.57837 715.53485 4 2
6.0275784 -586.73425 739.72534 4 2
14.782327 -606.8289 763.66156 4 2
24.077305 -626.9928 787.8894 4 2
33.930107 -646.7852 812.3202 4 2
44.345695 -666.31915 836.80817 4 2
55.2976 -686.01154 861.4899 4 2
66.809074 -705.49945 886.22284 4 2
78.92536 -724.4005 911.18335 4 2
91.57972 -743.4131 936.128 4 2
104.778786 -762.40717 961.37286 4 2
118.5896 -780.89856 986.7587 4 2
133.02005 -798.9225 1012.19476 4 2
-146.0876 31.744183 76.56339 5 2
-166.50667 33.814762 77.64531 5 2
-187.21925 35.406208 78.98964 5 2
-207.74419 36.610195 80.290405 5 2
-228.26825 37.384342 81.455124 5 2
-249.12129 37.674686 82.68297 5 2
-269.90216 37.54527 83.907166 5 2
-290.5926 36.99226 85.1672 5 2
-311.7045 35.95012 86.11234 5 2
-332.14304 34.544506 87.38996 5 2
-352.95673 32.652565 88.77605 5 2
-373.5396 30.334099 89.931114 5 2
-394.4597 27.539654 91.122185 5 2
-415.29156 24.303894 92.26315 5 2
-436.0828 20.62021 93.51723 5 2
-456.4543 16.499857 95.020966 5 2
-477.39517 11.903323 96.20602 5 2
-497.93005 6.862678 97.50398 5 2
-518.39484 1.3632997 98.571 5 2
-538.97784 -4.5953784 100.03459 5 2
-559.144 -11.019444 101.342606 5 2
-579.49615 -17.903435 102.519936 5 2
-599.5322 -25.261087 103.8189 5 2
-619.8238 -33.071056 105.22575 5 2
-639.8879 -41.354076 106.17795 5 2
-659.6887 -50.11834 107.53773 5 2
-679.64014 -59.334064 108.79075 5 2
-698.9871 -69.0677 109.92667 5 2
-718.55164 -79.246 111.40277 5 2
-737.9564 -89.90362 112.80282 5 2
-757.0089 -101.06757 113.9291 5 2
-775.9536 -112.71001 115.48006 5 2
-794.93475 -124.806946 116.760925 5 2
-813.4765 -137.4318 118.151085 5 2
-831.9691 -150.52351 119.32591 5 2
-121.34072 44.183388 -180.30717 6 3
-141.49239 50.31012 -176.63411 6 3
-161.81445 55.557766 -173.01964 6 3
-182.38788 59.859974 -169.68602 6 3
-203.3396 63.139606 -166.30713 6 3
-224.51122 65.41312 -162.74669 6 3
-245.92343 66.63775 -159.10509 6 3
-267.47864 66.80347 -155.57906 6 3
-289.3993 65.82059 -151.88538 6 3
-311.20993 63.764153 -148.12793 6 3
-333.4336 60.486317 -144.54842 6 3
-355.51328 56.06047 -140.89238 6 3
-377.49597 50.42833 -137.2798 6 3
-399.64816 43.513836 -133.37097 6 3
-421.2749 35.35017 -129.74338 6 3
-443.13586 25.817472 -125.508675 6 3
-464.794 14.914702 -121.64477 6 3
-486.11166 2.5962884 -117.500435 6 3
-507.0491 -11.193553 -113.36035 6 3
-527.5317 -26.514177 -109.2785 6 3
-547.60974 -43.420628 -104.879814 6 3
-567.1707 -61.976246 -100.41562 6 3
-585.7974 -82.29629 -96.01184 6 3
-603.68054 -104.43936 -91.26068 6 3
-620.62683 -128.51341 -86.31578 6 3
-636.41364 -154.65266 -81.19917 6 3
-650.88 -182.99725 -75.82579 6 3
-663.4689 -213.82745 -70.52975 6 3
-674.77576 -247.07916 -64.62142 6 3
-683.25946 -283.43558 -58.61948 6 3
-688.8111 -323.17172 -51.884884 6 3
-690.8077 -366.79288 -44.655758 6 3
-687.77045 -415.32806 -36.56057 6 3
-677.6237 -470.32327 -27.444607 6 3
-655.3249 -535.48334 -16.021814 6 3
143.26979 -43.34931 127.70528 7 4
162.26881 -50.77465 175.83498 7 4
181.46 -58.472515 223.7951 7 4
200.48477 -66.54976 271.82245 7 4
219.58258 -74.922424 319.8666 7 4
238.07068 -83.82103 368.1083 7 4
256.82736 -92.93864 416.19104 7 4
275.04633 -102.5592 464.31277 7 4
293.39493 -112.435776 512.78174 7 4
311.62872 -122.651855 561.25 7 4
329.57047 -133.27383 609.6288 7 4
347.32858 -144.25688 658.19183 7 4
364.8786 -155.60783 706.80676 7 4
382.3841 -167.25206 755.5685 7 4
399.43832 -179.36325 804.2911 7 4
416.43582 -191.76445 853.17554 7 4
433.3804 -204.44467 902.22015 7 4
449.71033 -217.66594 951.3083 7 4
466.0565 -231.12534 1000.70215 7 4
482.31345 -244.8634 1049.8441 7 4
498.12918 -259.05356 1099.4166 7 4
513.8374 -273.52097 1148.7379 7 4
529.3038 -288.32898 1198.689 7 4
544.45575 -303.5128 1248.6068 7 4
559.15234 -319.15002 1298.3944 7 4
573.69666 -335.066 1348.5953 7 4
588.20734 -351.17996 1398.9708 7 4
602.1272 -367.81668 1449.4159 7 4
616.05475 -384.60928 1500.1984 7 4
629.5602 -401.81372 1550.9114 7 4
642.7566 -419.35522 1601.9585 7 4
655.581 -437.26953 1652.9688 7 4
668.1678 -455.461 1704.4829 7 4
680.4184 -473.98782 1756.1104 7 4
692.3361 -492.84076 1807.8683 7 4
-146.39609 -14.673761 -347.15027 8 4
-166.88962 -16.005941 -365.4713 8 4
-187.3736 -17.222178 -383.51978 8 4
-208.04527 -18.304857 -401.59363 8 4
-228.61201 -19.280556 -419.8934 8 4
-249.34637 -20.125925 -437.97427 8 4
-269.95685 -20.865074 -456.2091 8 4
-290.56042 -21.487906 -474.30505 8 4
-311.06067 -22.001024 -492.5927 8 4
-331.68948 -22.387627 -510.6475 8 4
-352.1453 -22.668224 -528.86084 8 4
-372.81116 -22.817612 -547.0245 8 4
-393.38535 -22.85517 -565.33307 8 4
-414.28873 -22.756783 -583.5604 8 4
-434.55078 -22.575766 -601.7905 8 4
-455.33826 -22.249115 -619.4849 8 4
-475.90527 -21.815718 -638.1169 8 4
-496.52792 -21.261662 -656.4192 8 4
-517.22394 -20.586658 -674.2845 8 4
-537.6866 -19.802578 -692.819 8 4
-558.4822 -18.888105 -710.82935 8 4
-579.125 -17.861128 -729.14014 8 4
-599.7764 -16.715727 -747.504 8 4
-620.4187 -15.452364 -765.42584 8 4
-641.1278 -14.069241 -783.7783 8 4
-661.48065 -12.574944 -801.9324 8 4
-682.22986 -10.954203 -820.324 8 4
-702.68756 -9.219508 -838.6715 8 4
-723.4396 -7.3623023 -856.8928 8 4
-744.05945 -5.388248 -875.02576 8 4
-764.7758 -3.2951803 -893.3993 8 4
-785.01434 -1.0847335 -911.702 8 4
-805.89734 1.2455564 -929.94104 8 4
-826.2474 3.695292 -948.05707 8 4
-847.0168 6.262098 -966.3243 8 4
-140.67322 -44.582386 44.30024 9 4
-160.00961 -51.283607 80.65539 9 4
-179.61928 -58.0455 117.01706 9 4
-198.93326 -65.05012 153.56644 9 4
-218.3694 -72.16122 189.59607 9 4
-237.62666 -79.47684 226.1352 9 4
-256.69263 -87.002 262.46716 9 4
-275.8919 -94.626366 298.8011 9 4
-294.87717 -102.46747 335.1643 9 4
-314.0454 -110.38706 371.56082 9 4
-333.06088 -118.50077 407.91806 9 4
-352.0249 -126.77258 444.30634 9 4
-370.65134 -135.30605 480.604 9 4
-389.48065 -143.90453 517.21075 9 4
-408.2739 -152.65302 553.5942 9 4
-427.01007 -161.55835 590.03485 9 4
-445.44006 -170.7151 626.3107 9 4
-463.90823 -179.9923 662.9409 9 4
-482.28235 -189.43964 699.3065 9 4
-500.81915 -198.95467 735.8022 9 4
-519.10425 -208.69995 772.546 9 4
-537.23834 -218.63632 808.94073 9 4
-555.3408 -228.71497 845.3304 9 4
-573.4044 -238.93753 882.00934 9 4
-591.56885 -249.24374 918.72687 9 4
-609.3006 -259.8578 955.17114 9 4
-627.1628 -270.5412 991.87897 9 4
-644.9092 -281.39743 1028.667 9 4
-662.4073 -292.4847 1065.4249 9 4
-680.1807 -303.57104 1102.0779 9 4
-697.5258 -314.96783 1138.9626 9 4
-715.06683 -326.39444 1175.6434 9 4
-732.40186 -338.0313 1212.3191 9 4
-749.4867 -349.9001 1249.2437 9 4
-766.7218 -361.8134 1285.9764 9 4
33.313995 -146.28085 -246.69447 10 4
38.707287 -165.93495 -250.978 10 4
44.24802 -185.79008 -255.20418 10 4
49.95649 -205.74452 -259.33548 10 4
55.935703 -225.37076 -263.60718 10 4
62.085793 -245.07701 -267.8039 10 4
68.39704 -264.88992 -271.8055 10 4
74.99243 -284.3306 -276.18143 10 4
81.789604 -303.72083 -280.50128 10 4
88.66361 -323.5125 -284.7441 10 4
95.84968 -342.83575 -288.82654 10 4
103.26225 -362.01065 -293.12918 10 4
110.85751 -381.18988 -297.19095 10 4
118.60611 -400.46588 -301.48273 10 4
126.5997 -419.52322 -305.82913 10 4
134.82649 -438.40567 -310.0684 10 4
143.16505 -457.50403 -314.1945 10 4
151.69865 -476.5391 -318.5056 10 4
160.52902 -495.19376 -322.6433 10 4
169.51845 -513.8984 -326.83044 10 4
178.6983 -532.5505 -331.19885 10 4
188.04446 -551.2166 -335.21628 10 4
197.63551 -569.6631 -339.78534 10 4
207.39766 -588.103 -343.91397 10 4
217.40558 -606.3218 -348.2081 10 4
227.57893 -624.5437 -352.486 10 4
238.02448 -642.4736 -356.47784 10 4
248.60951 -660.47095 -360.88354 10 4
259.36533 -678.444 -365.15176 10 4
270.22818 -696.5511 -369.3435 10 4
281.4659 -714.09973 -373.75458 10 4
292.84235 -731.69836 -378.09882 10 4
304.37982 -749.28253 -382.23593 10 4
316.13504 -766.70856 -386.63058 10 4
328.05457 -784.1039 -390.94656 10 4
76.41058 -129.12036 -337.02902 11 4
86.48882 -147.0949 -354.09552 11 4
96.55729 -164.97575 -370.6952 11 4
106.45944 -183.0286 -387.5266 11 4
116.28797 -201.09435 -404.42703 11 4
125.82499 -219.55095 -421.0941 11 4
135.61409 -237.4511 -437.9931 11 4
145.01544 -255.91103 -454.60828 11 4
154.44131 -274.2077 -471.31018 11 4
163.72734 -292.62976 -488.1688 11 4
172.95093 -311.0386 -504.985 11 4
182.16428 -329.33765 -521.7443 11 4
191.1275 -347.95987 -538.6207 11 4
199.9518 -366.70587 -555.4498 11 4
208.78761 -385.29858 -572.1713 11 4
217.44327 -404.08917 -589.1643 11 4
226.0361 -422.8603 -605.9769 11 4
234.5667 -441.60864 -622.4392 11 4
243.00763 -460.38382 -639.41534 11 4
251.3473 -479.20667 -656.34454 11 4
259.56012 -498.12546 -673.1659 11 4
267.6144 -517.2014 -689.95953 11 4
275.67307 -536.11896 -706.8225 11 4
283.4214 -555.4895 -723.20215 11 4
291.27036 -574.5098 -740.3971 11 4
298.99225 -593.62317 -757.1891 11 4
306.50427 -612.99506 -774.0474 11 4
314.16635 -631.9045 -790.9267 11 4
321.41342 -651.4853 -807.8667 11 4
328.70374 -670.81445 -824.58405 11 4
335.85117 -690.26715 -841.60077 11 4
342.91208 -709.7277 -858.2223 11 4
349.87433 -729.2196 -875.0835 11 4
356.76004 -748.69525 -892.04 11 4
363.4169 -768.47437 -909.08704 11 4
-5.8407297 144.59622 42.702904 12 5
-8.505071 164.97945 69.01279 12 5
-10.95192 185.50304 95.43303 12 5
-13.173217 206.25494 121.89683 12 5
-15.212367 226.56061 148.07335 12 5
-17.034822 246.96663 174.72978 12 5
-18.637842 267.4929 200.71251 12 5
-20.019955 288.14975 227.218 12 5
-21.179123 308.9635 253.46748 12 5
-22.154325 329.35843 280.0554 12 5
-22.898952 350.00775 306.42908 12 5
-23.425758 370.72348 332.8402 12 5
-23.742466 391.37766 359.18756 12 5
-23.838682 412.1325 385.77502 12 5
-23.730206 432.70657 412.31638 12 5
-23.393732 453.50827 438.7816 12 5
-22.84973 474.14935 465.33066 12 5
-22.086843 494.836 491.65637 12 5
-21.103016 515.61865 518.2782 12 5
-19.905302 536.3247 544.8649 12 5
-18.50002 556.72473 571.4161 12 5
-16.854183 577.80914 598.1678 12 5
-15.006258 598.362 624.531 12 5
-12.933531 619.1393 651.239 12 5
-10.642414 639.9068 677.79724 12 5
-8.131331 660.7605 704.62494 12 5
-5.4028506 681.48944 731.2566 12 5
-2.455991 701.8434 757.7612 12 5
0.7137078 722.6028 784.83374 12 5
4.1038275 743.2438 811.70825 12 5
7.715015 763.8745 838.5442 12 5
11.546598 784.5566 865.2973 12 5
15.598933 805.2376 891.9071 12 5
19.88047 825.568 918.7314 12 5
24.378677 846.1548 945.86 12 5
-37.664864 -85.16533 -75.983864 13 5
-46.05832 -103.93964 -69.71807 13 5
-54.38129 -122.65553 -63.585938 13 5
-62.478542 -141.66217 -57.376225 13 5
-70.51769 -160.57935 -51.197323 13 5
-78.35829 -179.72551 -44.92079 13 5
-86.16118 -198.73166 -38.782238 13 5
-93.799805 -217.8867 -32.449974 13 5
-101.379 -236.94614 -26.232603 13 5
-108.67513 -256.43262 -19.941948 13 5
-116.00073 -275.6111 -13.480818 13 5
-123.20135 -294.8417 -7.3932953 13 5
-130.22177 -314.2565 -1.108861 13 5
-137.1098 -333.74115 5.0265894 13 5
-143.90695 -353.19308 11.302303 13 5
-150.50365 -372.88016 17.428156 13 5
-157.1082 -392.2858 23.694206 13 5
-163.53479 -411.8681 30.05106 13 5
-169.80215 -431.58176 36.3817 13 5
-175.91203 -451.42316 42.780422 13 5
-181.94762 -471.17798 48.9569 13 5
-187.8351 -491.03406 55.18686 13 5
-193.72365 -510.5983 61.27576 13 5
-199.34154 -530.5832 67.45162 13 5
-204.80731 -550.6795 73.92008 13 5
-210.31221 -570.36914 80.26477 13 5
-215.526 -590.54224 86.28325 13 5
-220.70322 -610.5063 92.645775 13 5
-225.67703 -630.7187 98.846436 13 5
-230.63037 -650.6679 105.287415 13 5
-235.32912 -671.0108 111.37673 13 5
-239.9563 -691.2297 117.8106 13 5
-244.44489 -711.5132 123.95991 13 5
-248.85799 -731.6751 130.28496 13 5
-253.11638 -751.94434 136.6228 13 5
-101.53483 62.13205 10.027637 14 5
-121.02957 68.0987 30.813854 14 5
-141.02736 73.648964 51.41311 14 5
-160.7998 79.18951 72.41094 14 5
-180.72975 84.51679 93.15654 14 5
-200.60963 89.73087 114.186066 14 5
-220.50179 94.79893 135.10464 14 5
-240.63055 99.626366 155.74913 14 5
-260.63055 104.36717 176.50853 14 5
-280.80792 108.89516 197.33496 14 5
-300.9511 113.29411 218.42188 14 5
-321.28717 117.4778 239.13277 14 5
-341.46707 121.57436 259.81253 14 5
-361.4625 125.58737 280.83264 14 5
-381.98648 129.26927 301.78763 14 5
-402.2663 132.88704 322.49026 14 5
-422.70874 136.30206 343.44354 14 5
-443.01126 139.61194 364.25864 14 5
-463.63058 142.67169 385.18854 14 5
-484.0847 145.63171 406.01404 14 5
-504.64426 148.4077 426.94714 14 5
-525.0807 151.06627 447.9746 14 5
-545.5683 153.55487 468.8177 14 5
-566.3498 155.80655 489.89993 14 5
-587.0078 157.93793 510.8559 14 5
-607.4423 159.97203 531.62524 14 5
-628.00824 161.81252 552.5541 14 5
-648.8598 163.42186 573.69965 14 5
-669.6034 164.90083 594.58295 14 5
-690.2533 166.24323 615.5977 14 5
-711.0537 167.3891 636.79126 14 5
-731.8641 168.37233 657.558 14 5
-752.69916 169.18886 678.64307 14 5
-773.37524 169.87857 699.8753 14 5
-794.3957 170.33022 720.6915 14 5
84.66843 123.75124 -158.63486 15 5
98.31734 139.21649 -166.37964 15 5
112.33995 154.42618 -174.06339 15 5
126.71357 169.38335 -182.19145 15 5
141.5631 183.89748 -189.74725 15 5
156.9182 197.9179 -197.40419 15 5
172.59264 211.66318 -205.4135 15 5
188.76132 224.8961 -213.35152 15 5
205.27657 237.77776 -221.14438 15 5
222.22728 250.18378 -229.13509 15 5
239.47673 262.24884 -237.06898 15 5
257.19208 273.7681 -245.09233 15 5
275.3222 284.7831 -252.90022 15 5
293.74878 295.39725 -261.10605 15 5
312.82547 305.2398 -268.95923 15 5
331.79584 315.03342 -277.26846 15 5
351.56265 323.88846 -285.26483 15 5
371.2634 332.59384 -293.5252 15 5
391.5745 340.5095 -301.61697 15 5
412.0267 348.03296 -309.8609 15 5
432.91824 354.8856 -318.12323 15 5
454.09155 361.18115 -326.37198 15 5
475.5902 366.8629 -334.7806 15 5
497.34158 371.96555 -343.2202 15 5
519.43665 376.39844 -351.72552 15 5
541.8353 380.17148 -360.11588 15 5
564.4005 383.35693 -368.78827 15 5
587.2344 385.85745 -377.61887 15 5
610.37744 387.6242 -386.38104 15 5
633.6715 388.73358 -394.949 15 5
657.143 389.13892 -403.8376 15 5
681.0045 388.6895 -412.82605 15 5
704.99243 387.51416 -421.8727 15 5
729.1 385.58337 -430.92526 15 5
753.58655 382.73163 -440.44156 15 5
-107.26975 28.160378 308.9481 16 5
-127.92085 29.173607 380.5393 16 5
-148.50577 30.335783 452.17688 16 5
-169.01982 31.64288 523.45 16 5
-189.30081 33.120495 595.0611 16 5
-209.94812 34.663635 666.71875 16 5
-230.54672 36.34775 738.14813 16 5
-251.13414 38.165676 809.75543 16 5
-271.6108 40.1317 881.25287 16 5
-292.04355 42.23487 952.8294 16 5
-312.4797 44.46824 1024.4136 16 5
-333.11438 46.804493 1096.0133 16 5
-353.536 49.301716 1167.7179 16 5
-374.02414 51.9204 1239.1263 16 5
-394.553 54.664124 1310.7822 16 5
-414.90027 57.563595 1382.5149 16 5
-435.26526 60.591114 1454.1815 16 5
-455.60507 63.752583 1525.7454 16 5
-476.1511 67.015396 1597.4021 16 5
-496.43857 70.44469 1669.0331 16 5
-516.7392 74.00231 1740.9392 16 5
-537.28436 77.65462 1812.6373 16 5
-557.30756 81.512314 1884.292 16 5
-577.573 85.464806 1956.3867 16 5
-598.10095 89.5076 2028.1696 16 5
-618.35297 93.72063 2099.7146 16 5
-638.59595 98.06425 2171.6875 16 5
-658.6784 102.56186 2243.5452 16 5
-678.8136 107.18058 2315.3684 16 5
102.85208 -101.00892 -232.35771 17 6
117.64072 -115.3498 -277.59506 17 6
132.8284 -129.29419 -322.81113 17 6
148.12561 -143.12384 -367.81918 17 6
163.48482 -156.88115 -413.1111 17 6
178.96982 -170.5008 -458.46387 17 6
194.54646 -184.01183 -503.76483 17 6
210.55229 -197.09404 -548.9052 17 6
226.48065 -210.22214 -593.9625 17 6
242.50595 -223.22751 -639.46893 17 6
258.90417 -235.85484 -684.88165 17 6
275.37894 -248.37497 -730.1719 17 6
292.02118 -260.70233 -775.46875 17 6
308.59604 -273.0428 -820.9572 17 6
325.56512 -284.98404 -866.30133 17 6
342.49234 -296.90833 -911.937 17 6
359.6375 -308.58542 -957.22034 17 6
377.0904 -319.9387 -1002.69586 17 6
394.27118 -331.4573 -1048.2104 17 6
411.87674 -342.54858 -1093.7997 17 6
429.5442 -353.51627 -1139.3229 17 6
447.5334 -364.1444 -1185.1371 17 6
465.26068 -374.9055 -1230.8542 17 6
483.38013 -385.26575 -1276.1904 17 6
501.7613 -395.33228 -1322.1499 17 6
520.0998 -405.34326 -1368.2415 17 6
538.49896 -415.21225 -1413.8397 17 6
556.9994 -424.90402 -1459.793 17 6
575.7841 -434.2776 -1505.6555 17 6
594.73303 -443.424 -1551.8444 17 6
613.66516 -452.47534 -1597.4711 17 6
632.68506 -461.34937 -1643.9115 17 6
651.8813 -469.97906 -1689.9795 17 6
671.3226 -478.3143 -1736.2239 17 6
690.7317 -486.55106 -1782.534 17 6
8.796829 147.72295 33.518913 18 7
10.157962 168.21921 26.334278 18 7
11.334482 188.77103 19.255077 18 7
12.321444 209.45854 12.498142 18 7
13.141568 229.89075 5.5602946 18 7
13.764603 250.58516 -1.5423092 18 7
14.214276 271.11777 -8.709951 18 7
14.472745 291.81662 -15.743531 18 7
14.5518055 312.4533 -22.65445 18 7
14.447365 333.1031 -29.966986 18 7
14.161701 353.70566 -36.747627 18 7
13.688883 374.40308 -44.052765 18 7
13.032858 395.09888 -50.854298 18 7
12.201578 415.51447 -58.24131 18 7
11.172478 436.4009 -64.976906 18 7
9.967548 456.98523 -72.24412 18 7
8.578278 477.54004 -79.37954 18 7
7.0017076 498.23987 -86.41998 18 7
5.241277 518.9005 -93.50541 18 7
3.2964392 539.5182 -100.693275 18 7
1.1663427 560.21063 -107.5414 18 7
-1.1486708 580.7253 -114.73497 18 7
-3.649189 601.3317 -121.752014 18 7
-6.3341703 622.0243 -128.74751 18 7
-9.206266 642.5437 -135.8609 18 7
-12.26287 663.1467 -143.06305 18 7
-15.503699 683.798 -150.1562 18 7
-18.939404 704.0767 -157.24968 18 7
-22.553152 724.67267 -164.37659 18 7
-26.353262 745.234 -171.65222 18 7
-30.343992 765.66113 -178.67064 18 7
-34.519367 786.12604 -185.82877 18 7
-38.88296 806.54095 -193.15407 18 7
-43.426193 827.07794 -200.0334 18 7
-48.168785 847.3584 -207.26736 18 7
-25.074396 -130.81146 -35.33074 19 7
-29.249113 -150.91142 -52.4928 19 7
-33.697163 -171.19601 -69.82043 19 7
-38.45265 -191.47554 -87.11664 19 7
-43.583626 -211.40866 -104.215614 19 7
-49.021255 -231.33556 -121.64934 19 7
-54.771233 -251.21988 -138.98271 19 7
-60.8553 -270.9568 -156.11497 19 7
-67.240906 -290.68765 -173.44812 19 7
-73.951126 -310.30383 -190.64912 19 7
-80.973564 -329.85294 -208.09544 19 7
-88.341385 -349.1965 -225.37997 19 7
-96.0008 -368.54544 -242.62857 19 7
-103.97716 -387.7912 -260.1435 19 7
-112.270615 -406.928 -277.51462 19 7
-120.918076 -425.82077 -295.04874 19 7
-129.82426 -444.8018 -312.24927 19 7
-139.05019 -463.64603 -329.97525 19 7
-148.59021 -482.36783 -347.3053 19 7
-158.48405 -500.83633 -365.00064 19 7
-168.65526 -519.29144 -382.38412 19 7
-179.13548 -537.6239 -399.83704 19 7
-189.95908 -555.7268 -417.7268 19 7
-201.04538 -573.83167 -435.32135 19 7
-212.47264 -591.7046 -452.7636 19 7
-224.23264 -609.3684 -470.63123 19 7
-236.28242 -626.9356 -488.52234 19 7
-248.67537 -644.2582 -506.41196 19 7
-261.35196 -661.487 -524.0112 19 7
-274.3412 -678.53986 -541.9313 19 7
-287.60678 -695.49915 -559.9126 19 7
-301.2937 -712.01105 -577.80597 19 7
-315.17545 -728.61115 -595.946 19 7
-329.39542 -744.9516 -614.0027 19 7
-344.0014 -760.92523 -632.16016 19 7
51.511517 -120.16994 53.89252 20 7
60.97958 -138.54286 49.882973 20 7
70.77033 -156.70676 45.898136 20 7
80.76515 -174.91626 41.843513 20 7
91.157524 -192.7426 37.717587 20 7
101.84653 -210.40326 33.602226 20 7
112.903336 -227.74852 29.713425 20 7
124.11475 -245.20322 25.46072 20 7
135.61961 -262.4751 21.434654 20 7
147.49352 -279.41537 17.356676 20 7
159.57578 -296.32574 13.343278 20 7
171.96957 -313.00336 9.261847 20 7
184.63844 -329.51016 5.126572 20 7
197.60759 -345.79486 1.0575266 20 7
210.75253 -362.06708 -3.0354552 20 7
224.28914 -377.9465 -7.098149 20 7
238.00429 -393.7904 -11.244164 20 7
252.03917 -409.35422 -15.544038 20 7
266.2962 -424.79135 -19.42563 20 7
280.92557 -439.85605 -23.63103 20 7
295.8279 -454.70343 -27.824976 20 7
310.9242 -469.4465 -31.807178 20 7
326.37073 -483.8412 -35.89863 20 7
342.04977 -498.05917 -40.178875 20 7
357.9497 -512.10803 -44.443794 20 7
374.05234 -526.0037 -48.651073 20 7
390.52695 -539.5016 -52.852398 20 7
407.24744 -552.7745 -56.97907 20 7
424.2386 -565.7819 -61.076355 20 7
441.36755 -578.69226 -65.181725 20 7
458.87482 -591.18115 -69.66502 20 7
476.59833 -603.4555 -73.971115 20 7
494.58423 -615.4488 -78.01805 20 7
512.73395 -627.2756 -82.50328 20 7
531.1294 -638.8253 -86.77115 20 7
95.969635 109.18137 261.82385 21 8
109.397354 124.79687 266.55975 21 8
122.80892 140.41037 271.45963 21 8
136.21501 156.00836 276.42645 21 8
149.24707 172.0138 281.2156 21 8
162.50171 187.74017 286.10187 21 8
175.40367 203.85068 291.0961 21 8
188.4677 219.74855 295.6366 21 8
201.37132 235.80725 300.5664 21 8
214.16562 251.96739 305.6114 21 8
226.91595 268.1516 310.44193 21 8
239.44914 284.5644 315.26532 21 8
252.12961 300.77283 320.02557 21 8
264.61258 317.18564 324.9171 21 8
277.07092 333.59607 330.058 21 8
289.53976 349.96024 334.8159 21 8
301.95746 366.3508 339.39975 21 8
314.0302 383.12537 344.30878 21 8
325.9166 400.09344 349.24283 21 8
338.03943 416.73508 354.009 21 8
349.9843 433.55737 359.10114 21 8
361.88675 450.39276 363.57782 21 8
373.56125 467.47195 368.50085 21 8
385.28214 484.4522 373.5414 21 8
396.82727 501.61118 378.43396 21 8
408.4338 518.64886 383.21683 21 8
419.7214 536.0473 388.038 21 8
431.34653 552.9685 392.92422 21 8
442.5947 570.32465 397.91785 21 8
453.81464 587.669 402.7297 21 8
464.85956 605.19104 407.48315 21 8
475.8991 622.66986 412.4331 21 8
486.9232 640.11676 417.31564 21 8
497.83688 657.6549 422.19342 21 8
508.41272 675.58655 427.16846 21 8
-133.53992 66.96781 -35.8361 22 8
-152.10013 75.80225 -72.63917 22 8
-170.79626 84.45085 -109.4705 22 8
-189.69241 92.88192 -146.17297 22 8
-208.4962 101.238045 -182.97589 22 8
-227.34863 109.448204 -219.61653 22 8
-246.27786 117.497665 -256.3028 22 8
-265.72162 125.17886 -293.20938 22 8
-284.6412 132.98244 -330.24152 22 8
-303.80807 140.54214 -366.90576 22 8
-323.0846 147.92255 -403.82193 22 8
-342.43027 155.1416 -440.54956 22 8
-361.771 162.2316 -477.53296 22 8
-381.38168 169.06859 -514.21014 22 8
-400.85284 175.83423 -551.0069 22 8
-420.53336 182.3732 -588.0488 22 8
-440.14365 188.80663 -625.0355 22 8
-459.68033 195.13307 -661.747 22 8
-479.4948 201.20222 -698.71405 22 8
-499.55582 207.02925 -735.68555 22 8
-519.2545 212.86539 -772.5559 22 8
-539.34357 218.3988 -809.4098 22 8
-559.4701 223.77458 -846.6587 22 8
-579.4563 229.06175 -883.422 22 8
-599.5324 234.16666 -920.7453 22 8
-619.62726 239.11635 -957.6856 22 8
-640.0318 243.79851 -994.81903 22 8
-660.4891 248.31256 -1031.8365 22 8
-680.5935 252.80824 -1068.7369 22 8
-700.9597 257.0535 -1106.0674 22 8
-721.2637 261.16766 -1143.1948 22 8
-741.88324 265.0133 -1180.289 22 8
-762.41565 268.73526 -1217.6998 22 8
-783.1783 272.22037 -1254.8085 22 8
-803.76855 275.60837 -1292.2731 22 8
-135.18452 29.839455 -280.44324 23 9
-154.65906 36.31301 -280.6444 23 9
-174.38344 42.813725 -280.786 23 9
-193.74614 49.489124 -281.4642 23 9
-213.29626 56.203297 -282.03946 23 9
-232.64462 63.05631 -282.29953 23 9
-251.9539 70.00638 -282.76266 23 9
-271.41895 76.99802 -283.21582 23 9
-290.8352 84.08693 -283.67764 23 9
-310.09106 91.30616 -284.10947 23 9
-329.3406 98.61132 -284.66565 23 9
-348.65955 105.97877 -285.02792 23 9
-367.6994 113.51445 -285.31708 23 9
-386.78262 121.12047 -285.91302 23 9
-406.124 128.72746 -286.3054 23 9
-425.30194 136.46703 -286.76578 23 9
-444.3359 144.33423 -287.18683 23 9
-463.3012 152.30531 -287.5597 23 9
-482.26727 160.35738 -288.06525 23 9
-501.09668 168.53598 -288.4447 23 9
-519.9622 176.78325 -288.91055 23 9
-538.8537 185.10168 -289.24026 23 9
-557.58984 193.55325 -289.70847 23 9
-576.7486 201.93655 -290.30966 23 9
-595.33777 210.59752 -290.64246 23 9
-614.1748 219.2495 -290.99268 23 9
-632.75586 228.07095 -291.5076 23 9
-651.425 236.93867 -292.06888 23 9
-670.15625 245.86075 -292.4597 23 9
-688.5442 254.986 -292.79544 23 9
-707.2181 264.08212 -293.36356 23 9
-725.7673 273.3005 -293.74774 23 9
-744.21716 282.632 -294.0724 23 9
-762.4501 292.12204 -294.69693 23 9
-780.91125 301.60007 -295.07672 23 9
-68.991455 -93.51846 248.77142 24 10
-80.39309 -110.6971 243.55463 24 10
-92.01787 -127.67883 238.37752 24 10
-103.74718 -144.6252 233.42122 24 10
-115.64743 -161.44237 228.27287 24 10
-127.7546 -178.07814 223.12665 24 10
-139.89336 -194.77547 217.99855 24 10
-152.1522 -211.4083 212.84494 24 10
-164.79582 -227.60802 207.67633 24 10
-177.2153 -244.21536 202.60385 24 10
-190.10976 -260.2634 197.26045 24 10
-202.92635 -276.51028 192.14651 24 10
-215.98294 -292.5186 186.92212 24 10
-229.39636 -308.1318 181.71397 24 10
-242.67451 -324.01083 176.57307 24 10
-256.15848 -339.69394 171.38463 24 10
-269.73587 -355.32892 166.494 24 10
-283.61343 -370.64227 161.282 24 10
-297.4759 -386.04575 156.13885 24 10
-311.66922 -401.08746 151.00319 24 10
-325.92615 -416.11255 145.61171 24 10
-340.29556 -431.05502 140.44421 24 10
-354.63913 -446.0861 135.40828 24 10
-369.26025 -460.82053 130.06268 24 10
-384.1471 -475.2752 124.95913 24 10
-399.01382 -489.803 119.75144 24 10
-414.08124 -504.12857 114.614944 24 10
-429.2903 -518.3232 109.497574 24 10
-444.42078 -532.64905 104.2272 24 10
-459.8906 -546.60144 99.14521 24 10
-475.55933 -560.35004 93.75831 24 10
-491.21295 -574.14484 88.51044 24 10
-507.24875 -587.5195 83.32592 24 10
-523.0553 -601.1818 78.25419 24 10
-539.1675 -614.5101 72.864296 24 10
140.51447 38.918465 -1000.1795 25 11
160.86615 40.99258 -1111.7878 25 11
181.7799 42.416008 -1223.4465 25 11
202.48138 43.378967 -1335.3486 25 11
223.30919 43.794407 -1447.3787 25 11
244.00096 43.708565 -1559.5768 25 11
264.90433 43.051456 -1671.9803 25 11
285.7641 41.864937 -1784.5922 25 11
306.54575 40.14614 -1897.611 25 11
327.47183 37.861057 -2010.7012 25 11
348.17218 35.04947 -2124.2502 25 11
369.04407 31.663706 -2238.031 25 11
389.812 27.728075 -2352.162 25 11
120.28049 87.813095 -323.60684 26 11
136.30893 100.95951 -331.18738 26 11
151.76764 114.724495 -338.8742 26 11
166.84811 128.95546 -346.51938 26 11
181.6418 143.56653 -354.0597 26 11
196.04231 158.62408 -361.56906 26 11
210.03719 174.12343 -369.34567 26 11
223.72632 189.96437 -377.02838 26 11
236.8774 206.32635 -384.54822 26 11
249.57237 223.12714 -392.4522 26 11
261.88617 240.28242 -400.04608 26 11
273.74832 257.83627 -407.9305 26 11
285.10052 275.8263 -415.62692 26 11
295.89862 294.2805 -423.6577 26 11
306.40692 312.91513 -431.30746 26 11
316.20142 332.13785 -439.245 26 11
325.62973 351.5698 -447.30438 26 11
334.44745 371.44635 -455.06485 26 11
342.781 391.60684 -463.0671 26 11
350.42596 412.26123 -471.14954 26 11
357.50238 433.25165 -479.5381 26 11
364.2706 454.226 -487.35776 26 11
370.0596 475.98697 -495.74673 26 11
375.4477 497.78165 -504.09796 26 11
380.10364 520.00476 -512.47784 26 11
384.13367 542.4851 -520.79816 26 11
387.47192 565.27936 -529.1141 26 11
390.14554 588.312 -537.47504 26 11
392.2094 611.4533 -546.2409 26 11
393.3945 635.078 -554.94037 26 11
393.89777 658.83563 -563.4724 26 11
393.55627 682.9468 -572.4415 26 11
392.54877 707.0502 -581.1202 26 11
390.63284 731.5146 -590.2212 26 11
387.8284 756.2575 -599.28094 26 11
-45.316113 50.97063 -213.98419 27 12
-60.41362 64.97262 -219.76627 27 12
-75.50377 78.98485 -225.68893 27 12
-90.72261 92.859184 -231.42912 27 12
-106.06958 106.598145 -237.32863 27 12
-121.35287 120.392555 -243.32301 27 12
-136.95602 133.86057 -249.19385 27 12
-152.55159 147.32605 -255.11412 27 12
-168.31357 160.61852 -261.17288 27 12
-184.06143 173.91005 -266.8644 27 12
-199.76627 187.224 -272.78738 27 12
-215.77768 200.23167 -278.85004 27 12
-231.84425 213.16908 -284.7714 27 12
-247.82964 226.15894 -290.6134 27 12
-264.08258 238.88106 -296.7692 27 12
-280.2796 251.62901 -302.21713 27 12
-296.60742 264.2326 -308.1418 27 12
-313.1445 276.62277 -314.31934 27 12
-329.6832 288.98315 -319.9547 27 12
-346.19156 301.33914 -326.08304 27 12
-363.00516 313.39783 -332.02628 27 12
-379.83524 325.41022 -337.93213 27 12
-396.61578 337.43036 -343.93997 27 12
-413.49393 349.33072 -349.88315 27 12
-430.6185 360.9859 -355.61197 27 12
-447.76993 372.581 -361.70566 27 12
-464.7686 384.2626 -367.60483 27 12
-482.01923 395.6936 -373.61823 27 12
-499.40326 406.97287 -379.37497 27 12
-516.64874 418.32056 -385.51935 27 12
-534.25543 429.33054 -391.45157 27 12
-551.7944 440.34912 -397.14798 27 12
-569.331 451.3212 -403.3396 27 12
-587.3142 461.89136 -409.086 27 12
-604.9226 472.7067 -415.16226 27 12
7.995752 -130.90007 100.52905 28 12
2.9973564 -151.05914 153.9862 28 12
-2.0950882 -170.74197 207.5399 28 12
-7.277961 -191.05537 261.18994 28 12
-12.582225 -210.70715 314.49918 28 12
-17.976809 -230.59232 367.92966 28 12
-23.481432 -250.34662 421.6247 28 12
-29.07216 -270.23248 474.99628 28 12
-34.773167 -289.9948 528.55756 28 12
-40.55259 -309.90253 582.41846 28 12
-46.489372 -329.35696 635.76404 28 12
-52.446003 -349.35367 689.3263 28 12
-58.55363 -368.96957 742.76807 28 12
-64.73001 -388.7509 796.5126 28 12
-71.02982 -408.35703 850.063 28 12
-77.45638 -427.78665 903.70746 28 12
-83.92619 -447.49933 957.4478 28 12
-90.54868 -466.89853 1010.88165 28 12
-97.20047 -486.6269 1064.4283 28 12
-104.00553 -506.04996 1118.1312 28 12
-110.92225 -525.3862 1171.9645 28 12
-117.91522 -544.8025 1225.3092 28 12
-125.016335 -564.14594 1279.0474 28 12
-132.22063 -583.4404 1332.6324 28 12
-139.52129 -602.7156 1386.3258 28 12
-146.88477 -622.11176 1439.9935 28 12
-154.377 -641.34546 1493.6365 28 12
-161.96365 -660.5632 1547.438 28 12
-169.65688 -679.7146 1601.1368 28 12
-177.39767 -699.03284 1654.9518 28 12
-185.3015 -718.06006 1708.4305 28 12
-193.2957 -737.0847 1762.2465 28 12
-201.36752 -756.1525 1816.1396 28 12
-209.55705 -775.1109 1869.9125 28 12
-217.85707 -793.9886 1923.7518 28 12
-70.050064 -61.033398 5.27571 29 12
-89.61823 -67.22394 40.871 29 12
-109.5955 -72.93694 76.566864 29 12
-129.24715 -78.68508 112.20179 29 12
-149.25668 -84.017265 147.71489 29 12
-169.28046 -89.14947 183.41208 29 12
-189.17712 -94.143166 219.01126 29 12
-209.33592 -98.79729 254.45355 29 12
-229.49359 -103.243225 290.38388 29 12
-249.50237 -107.53865 326.1661 29 12
-269.80615 -111.487564 361.59863 29 12
-290.3576 -115.11953 397.4306 29 12
-310.68823 -118.6202 433.0926 29 12
-331.07288 -121.87471 469.06912 29 12
-351.5703 -124.86083 504.67014 29 12
-372.3108 -127.534775 540.3062 29 12
-392.65427 -130.11375 576.36176 29 12
-413.28568 -132.36192 612.31067 29 12
-434.09906 -134.31873 648.02795 29 12
-454.9676 -136.02489 683.9145 29 12
-475.51602 -137.58778 719.8954 29 12
-496.33554 -138.8302 755.8254 29 12
-517.12164 -139.83977 791.8768 29 12
-538.0808 -140.55923 827.9136 29 12
-559.1035 -141.01868 864.1118 29 12
-579.9412 -141.27805 900.13104 29 12
-600.70374 -141.30463 936.3739 29 12
-621.84546 -140.99156 972.8106 29 12
-642.9413 -140.43922 1009.1078 29 12
-663.70636 -139.70453 1045.0782 29 12
-684.94293 -138.61534 1081.3837 29 12
-705.8868 -137.32982 1117.8728 29 12
-727.0184 -135.74971 1154.459 29 12
-747.98584 -133.94078 1191.0253 29 12
-768.98505 -131.86417 1227.3848 29 12
43.558067 83.31533 -190.20866 30 12
47.87398 103.523964 -191.5516 30 12
52.8675 123.70016 -192.80434 30 12
58.536858 143.84363 -194.49974 30 12
65.03127 163.562 -195.80167 30 12
72.27979 182.99934 -197.2944 30 12
80.113625 202.5664 -198.60916 30 12
88.74856 221.69643 -199.83086 30 12
97.9967 240.8375 -201.6049 30 12
108.08621 259.40405 -202.84062 30 12
118.829185 277.8347 -204.44582 30 12
130.31647 295.88855 -205.79636 30 12
142.5547 313.53345 -207.17873 30 12
155.51947 330.80493 -208.6391 30 12
169.04483 348.02225 -210.36243 30 12
183.35338 364.68457 -211.82076 30 12
198.39915 380.8682 -213.29579 30 12
214.18074 396.55313 -214.85623 30 12
230.72047 411.67554 -216.52246 30 12
247.92947 426.3672 -217.89586 30 12
265.82312 440.56317 -219.62793 30 12
284.5505 453.988 -221.04218 30 12
303.81598 467.08392 -222.66437 30 12
323.79788 479.52097 -224.20229 30 12
344.58298 491.13904 -225.7478 30 12
366.13297 501.96625 -227.68336 30 12
388.31372 512.1456 -229.1958 30 12
411.13956 521.60175 -231.0694 30 12
434.7749 530.0765 -232.5728 30 12
459.1693 537.59204 -234.32079 30 12
484.1401 544.30505 -236.2666 30 12
510.04 549.75653 -238.0208 30 12
536.3849 554.41077 -239.83177 30 12
563.7211 557.6203 -241.65132 30 12
591.5663 559.799 -243.61864 30 12
22.556906 -133.35156 -175.733 31 12
20.035158 -153.70317 -174.36649 31 12
17.299149 -174.16791 -173.14124 31 12
14.372328 -194.58788 -171.71677 31 12
11.248972 -215.03372 -170.35986 31 12
7.939586 -235.27205 -168.96562 31 12
4.4300666 -255.57683 -167.76808 31 12
0.7256194 -275.8008 -166.34633 31 12
-3.172869 -296.2064 -165.1768 31 12
-7.2637053 -316.51373 -163.8491 31 12
-11.547808 -336.76993 -162.6748 31 12
-16.038437 -356.69296 -161.2364 31 12
-20.71804 -376.76392 -159.93362 31 12
-25.578592 -397.01706 -158.42598 31 12
-30.63644 -417.14526 -157.19936 31 12
-35.901123 -437.05942 -155.9651 31 12
-41.363304 -456.909 -154.62808 31 12
-47.00239 -476.90515 -153.22594 31 12
-52.8657 -496.55817 -151.96301 31 12
-58.895203 -516.43494 -150.59741 31 12
-65.09588 -536.4415 -149.31387 31 12
-71.5153 -556.1764 -148.006 31 12
-78.12575 -575.877 -146.7178 31 12
-84.940994 -595.4424 -145.22292 31 12
-91.96128 -614.88025 -143.97899 31 12
-99.15542 -634.39746 -142.84485 31 12
-106.552864 -653.79443 -141.11327 31 12
-114.10084 -673.38794 -139.84502 31 12
-121.87759 -692.70294 -138.708 31 12
-129.89192 -711.7126 -137.299 31 12
-138.01532 -731.1202 -136.00021 31 12
-146.31865 -750.5157 -134.7063 31 12
-154.92027 -769.30444 -133.15703 31 12
-163.66365 -788.28735 -132.00923 31 12
-172.60277 -807.18713 -130.5719 31 12
46.091858 -138.39297 -208.92967 32 13
50.877472 -158.4699 -213.97337 32 13
55.566864 -178.32408 -219.31154 32 13
59.933784 -198.6774 -224.14484 32 13
64.237404 -218.68549 -229.40779 32 13
68.29605 -238.94814 -234.70297 32 13
72.209564 -259.12192 -239.5883 32 13
75.92311 -279.39587 -244.9515 32 13
79.430984 -299.7938 -250.01685 32 13
82.73349 -320.3181 -254.8884 32 13
85.93747 -340.54907 -260.2004 32 13
88.91484 -360.97946 -265.38904 32 13
91.66747 -381.61105 -270.36597 32 13
94.29525 -402.02768 -275.51154 32 13
96.736015 -422.47934 -280.71045 32 13
98.98244 -442.99628 -285.9993 32 13
100.9982 -463.745 -290.95352 32 13
102.87435 -484.3094 -296.21906 32 13
104.56218 -504.90503 -301.18423 32 13
106.0575 -525.55 -306.5631 32 13
107.34827 -546.3043 -311.66248 32 13
108.42759 -567.2077 -316.69788 32 13
109.38897 -587.765 -321.97244 32 13
110.11001 -608.6177 -327.17468 32 13
110.68056 -629.2755 -332.094 32 13
111.040985 -650.06494 -337.52563 32 13
111.20851 -670.88885 -342.5129 32 13
111.21142 -691.56934 -347.64124 32 13
110.96492 -712.63165 -352.8605 32 13
110.56381 -733.4798 -358.02582 32 13
109.949585 -754.4876 -363.39233 32 13
109.19366 -775.1597 -368.49353 32 13
108.22591 -795.97003 -373.64813 32 13
107.04381 -816.94806 -378.7148 32 13
105.66931 -837.9341 -383.94498 32 13
107.39696 -102.969376 -206.52379 33 13
121.991005 -117.48989 -211.29672 33 13
136.84831 -131.75345 -215.92505 33 13
151.87773 -145.84691 -220.74194 33 13
166.65355 -160.1787 -225.47969 33 13
182.02629 -173.9317 -230.27461 33 13
197.0318 -188.02959 -235.23381 33 13
212.27505 -201.89215 -239.67719 33 13
227.57764 -215.68929 -244.61804 33 13
242.93402 -229.4253 -249.19426 33 13
258.39734 -243.04918 -253.92743 33 13
274.0143 -256.51675 -258.94214 33 13
289.59763 -270.0029 -263.70114 33 13
305.38815 -283.28198 -268.20438 33 13
321.12228 -296.59833 -273.16544 33 13
336.97495 -309.78876 -277.93585 33 13
352.82523 -322.96368 -282.64017 33 13
368.97076 -335.85043 -287.27847 33 13
385.19452 -348.6478 -292.10455 33 13
401.25195 -361.5754 -296.99408 33 13
417.5968 -374.22256 -301.82895 33 13
434.0075 -386.78903 -306.54214 33 13
450.37585 -399.3699 -311.13867 33 13
466.8931 -411.79416 -315.90158 33 13
483.39023 -424.21042 -320.8958 33 13
500.04282 -436.46344 -325.61755 33 13
516.76086 -448.63174 -330.37167 33 13
533.56586 -460.69598 -334.85623 33 13
550.4791 -472.6374 -339.65784 33 13
567.2966 -484.63 -344.65152 33 13
584.32294 -496.4119 -349.357 33 13
601.4092 -508.11026 -354.21475 33 13
618.568 -519.71356 -359.07092 33 13
635.85 -531.1788 -363.8445 33 13
653.2495 -542.5107 -368.5395 33 13
-53.5692 -129.28616 -1538.8182 34 13
-63.90784 -147.13503 -1737.8519 34 13
-74.625305 -164.70274 -1936.8785 34 13
-85.55415 -182.34761 -2136.1646 34 13
-96.803406 -199.80939 -2335.5427 34 13
15.0088415 -143.31332 -168.05725 35 13
16.832386 -163.88216 -167.30159 35 13
18.887917 -184.27469 -166.39928 35 13
21.155935 -204.67996 -165.6417 35 13
23.605701 -225.39081 -164.85321 35 13
26.32158 -245.59804 -164.00554 35 13
29.209307 -266.1912 -163.1529 35 13
32.327324 -286.6193 -162.42038 35 13
35.67169 -306.9252 -161.37614 35 13
39.217346 -327.32483 -160.62482 35 13
42.983364 -347.651 -159.97868 35 13
46.95515 -368.02014 -159.10548 35 13
51.174473 -388.1064 -158.16795 35 13
55.5836 -408.3555 -157.39708 35 13
60.20951 -428.55536 -156.57954 35 13
65.051254 -448.71176 -155.57985 35 13
70.08912 -468.9551 -154.69691 35 13
75.37032 -488.96573 -154.0527 35 13
80.864655 -508.94882 -153.14105 35 13
86.57203 -528.90155 -152.21342 35 13
92.46767 -548.9678 -151.49042 35 13
98.62729 -568.69556 -150.68907 35 13
104.99213 -588.4364 -149.73056 35 13
111.53777 -608.31635 -149.0576 35 13
118.32394 -628.00134 -148.27147 35 13
125.29606 -647.7825 -147.23209 35 13
132.51811 -667.3239 -146.33382 35 13
139.9353 -686.9064 -145.67384 35 13
147.58978 -706.31885 -144.79756 35 13
155.40533 -725.9231 -143.7773 35 13
163.52138 -745.06354 -143.10959 35 13
171.8045 -764.3599 -142.27711 35 13
180.32455 -783.4914 -141.36949 35 13
188.98479 -802.8733 -140.59348 35 13
197.91292 -821.95197 -139.68839 35 13
101.76058 -64.83372 155.81732 36 14
116.661 -79.07992 167.42383 36 14
131.39066 -93.472 179.1848 36 14
146.15242 -107.86775 190.6775 36 14
160.54744 -122.56192 202.24265 36 14
175.03249 -137.21428 213.86803 36 14
189.47964 -151.9155 225.54955 36 14
203.82141 -166.71754 237.10353 36 14
217.84889 -181.79475 248.84564 36 14
232.0186 -196.76898 260.38284 36 14
246.15396 -211.7817 271.9149 36 14
260.03928 -227.01851 283.43018 36 14
273.7756 -242.39494 295.16098 36 14
287.56985 -257.72656 306.76447 36 14
301.1099 -273.29065 318.2949 36 14
314.7157 -288.79785 330.11227 36 14
328.23105 -304.3873 341.66544 36 14
341.48175 -320.22147 353.05307 36 14
354.80313 -335.98676 364.61398 36 14
367.8324 -352.02457 376.34042 36 14
381.01346 -367.91086 388.02243 36 14
393.94788 -384.02634 399.54828 36 14
406.7928 -400.21954 411.45886 36 14
419.6046 -416.43347 422.97745 36 14
432.18845 -432.86066 434.50797 36 14
444.84668 -449.1982 446.3693 36 14
457.25903 -465.7669 457.84808 36 14
469.65207 -482.33698 469.4306 36 14
481.85602 -499.08127 481.07556 36 14
494.16873 -515.6902 492.94867 36 14
506.2174 -532.5498 504.39606 36 14
518.16943 -549.48584 516.3469 36 14
530.05835 -566.46124 527.80133 36 14
541.79736 -583.5678 539.6199 36 14
553.43604 -600.75183 551.22437 36 14
115.186134 13.246947 -164.70479 37 15
134.8592 19.420938 -152.04008 37 15
154.39722 26.075918 -139.67783 37 15
173.77658 33.2131 -127.11813 37 15
192.92581 40.84517 -114.64086 37 15
212.21635 48.887516 -102.06077 37 15
231.241 57.42103 -89.64332 37 15
249.86522 66.48316 -76.8084 37 15
268.56744 75.946106 -63.944992 37 15
286.84158 85.943855 -51.420055 37 15
305.1187 96.34742 -38.920578 37 15
323.21136 107.204285 -26.188484 37 15
340.84793 118.60273 -13.223299 37 15
358.49023 130.38083 -0.50006944 37 15
375.66165 142.7029 12.3846 37 15
392.57788 155.48892 25.189545 37 15
409.2585 168.7252 38.006004 37 15
425.81 182.35878 51.063225 37 15
442.05777 196.45386 64.022705 37 15
457.97202 211.01852 77.126526 37 15
473.59186 226.02904 90.228745 37 15
488.86768 241.50206 103.488556 37 15
503.8532 257.40387 116.57288 37 15
518.22656 273.89453 129.67233 37 15
532.5739 290.65997 143.2554 37 15
546.32855 307.9936 156.63705 37 15
559.7263 325.76123 170.09326 37 15
572.89087 343.8779 183.62682 37 15
585.6638 362.42267 197.16727 37 15
597.839 381.51556 210.93486 37 15
609.71594 400.95865 224.87231 37 15
621.0735 420.882 238.5129 37 15
632.04767 441.18228 252.5511 37 15
642.3791 462.0278 266.5616 37 15
652.46594 483.11993 280.88483 37 15
28.304688 131.04442 -177.65349 38 16
35.19238 150.44235 -169.54643 38 16
42.32111 169.6712 -161.64322 38 16
49.636795 188.94698 -153.68448 38 16
57.178272 208.10684 -145.78886 38 16
64.87857 227.38643 -137.66576 38 16
72.86422 246.33362 -129.82051 38 16
81.093 265.1081 -121.98488 38 16
89.45527 284.0624 -113.88784 38 16
97.98246 303.07373 -105.98677 38 16
106.833084 321.65073 -98.14925 38 16
115.87585 340.2016 -89.91783 38 16
125.00507 359.02148 -81.92661 38 16
134.56454 377.119 -74.102715 38 16
144.14754 395.64764 -65.928276 38 16
154.02728 413.83707 -57.98622 38 16
164.08287 432.0171 -50.18521 38 16
174.39642 449.9674 -41.960194 38 16
184.93515 467.7752 -33.922523 38 16
195.61708 485.64304 -26.042217 38 16
206.48845 503.44608 -17.952707 38 16
217.60214 521.05225 -10.086732 38 16
229.0189 538.3202 -1.9696409 38 16
240.4308 555.9705 6.335825 38 16
252.17714 573.20374 14.244598 38 16
264.07776 590.43463 22.049438 38 16
276.28485 607.31976 30.265942 38 16
288.5727 624.3554 38.396656 38 16
301.15366 641.0733 46.481384 38 16
313.86093 657.82935 54.485367 38 16
326.8213 674.3512 62.604904 38 16
339.89658 690.9213 70.81437 38 16
353.42746 706.84705 78.782364 38 16
366.94345 723.0757 86.92374 38 16
380.69092 739.1064 95.11237 38 16
-141.315 47.589485 -293.77402 39 16
-160.64944 54.48885 -303.3123 39 16
-180.09119 61.269135 -312.81104 39 16
-199.39249 68.01424 -322.2609 39 16
-219.01855 74.56538 -331.70065 39 16
-238.48596 81.086914 -341.2159 39 16
-258.1686 87.45148 -350.61093 39 16
-277.81107 93.74567 -360.35007 39 16
-297.41534 99.96829 -369.50534 39 16
-317.1744 106.05424 -378.95258 39 16
-336.81882 112.09356 -388.6028 39 16
-356.52432 118.02705 -397.92606 39 16
-376.2934 123.85378 -407.44998 39 16
-396.0425 129.60106 -416.89273 39 16
-416.01904 135.18788 -426.4208 39 16
-435.91312 140.71532 -435.63602 39 16
-455.84174 146.1449 -445.0978 39 16
-475.43692 151.59369 -454.81778 39 16
-495.65848 156.75526 -464.14313 39 16
-515.4843 161.95454 -473.6521 39 16
-535.5067 167.00371 -483.26233 39 16
-555.51715 171.96815 -492.53577 39 16
-575.72864 176.78197 -502.19937 39 16
-595.47687 181.64862 -511.55493 39 16
-615.8349 186.23985 -521.0223 39 16
-635.9023 190.82977 -530.28735 39 16
-656.04724 195.30624 -539.98114 39 16
-676.2403 199.67813 -549.39764 39 16
-696.47424 203.94746 -559.0044 39 16
-716.6465 208.1439 -568.20514 39 16
-736.9298 212.21681 -577.7329 39 16
-757.2056 216.20045 -587.46466 39 16
-777.6555 220.04298 -596.889 39 16
-797.84534 223.86705 -606.373 39 16
-818.2324 227.54317 -615.8408 39 16
-137.7016 56.085358 -206.59589 40 16
-155.0303 67.453926 -203.07579 40 16
-172.2336 79.41098 -199.43951 40 16
-188.65846 92.23374 -196.06494 40 16
-204.67908 105.73753 -192.36407 40 16
-220.62358 119.71912 -188.51898 40 16
-235.70445 134.57227 -184.81604 40 16
-250.27812 150.09007 -181.17012 40 16
-264.43842 166.18681 -177.68645 40 16
-277.8717 183.0298 -173.77219 40 16
-290.63275 200.56624 -170.029 40 16
-302.9783 218.58676 -166.32411 40 16
-314.5901 237.27751 -162.4037 40 16
-325.37314 256.68503 -158.3535 40 16
-335.53015 276.61844 -154.62737 40 16
-344.70157 297.33594 -150.79881 40 16
-353.19748 318.54004 -146.717 40 16
-361.0132 340.17322 -142.94017 40 16
-367.91385 362.39505 -138.93343 40 16
-373.7855 385.27048 -134.61737 40 16
-378.62997 408.75027 -130.53955 40 16
-382.47256 432.74664 -126.38802 40 16
-385.23254 457.2776 -122.05306 40 16
-387.00632 482.14133 -117.632515 40 16
-387.51923 507.57657 -113.39031 40 16
-386.85068 533.3805 -108.79627 40 16
-384.69528 559.8585 -104.238525 40 16
-381.35297 586.447 -99.552025 40 16
-376.3332 613.724 -94.76785 40 16
-369.86026 641.16144 -89.9029 40 16
-361.62222 669.06177 -84.812065 40 16
-351.72284 696.96533 -79.822975 40 16
-339.8389 725.1472 -74.31398 40 16
-325.621 753.9872 -68.851875 40 16
-309.30743 782.4501 -63.154915 40 16
-138.04044 55.250824 -209.10179 41 16
-156.65363 64.16723 -205.87025 41 16
-175.00043 73.3119 -202.90984 41 16
-193.42175 82.543564 -199.4372 41 16
-212.01382 91.81636 -196.17595 41 16
-230.09137 101.426445 -193.03717 41 16
-248.3877 111.05417 -189.84972 41 16
-266.56372 120.84684 -186.68723 41 16
-284.6393 130.7955 -183.53383 41 16
-302.5238 140.9421 -180.2098 41 16
-320.39575 151.20367 -177.15683 41 16
-338.20627 161.60167 -174.02104 41 16
-356.07278 172.07822 -170.74423 41 16
-373.6935 182.77788 -167.50455 41 16
-391.3168 193.57979 -164.34502 41 16
-408.79752 204.5544 -161.04279 41 16
-426.3807 215.57791 -157.95496 41 16
-443.56302 226.90395 -154.60878 41 16
-460.67438 238.36638 -151.30148 41 16
-477.73398 249.9541 -148.07965 41 16
-495.06757 261.49374 -144.88414 41 16
-512.23956 273.21094 -141.72113 41 16
-529.12476 285.17355 -138.52357 41 16
-546.06854 297.19598 -135.51839 41 16
-562.683 309.48834 -131.89058 41 16
-579.15967 321.9472 -128.72906 41 16
-595.889 334.35352 -125.41062 41 16
-612.3952 346.97025 -122.40997 41 16
-628.8098 359.72342 -119.101685 41 16
-645.12213 372.61835 -115.913956 41 16
-661.18866 385.73785 -112.69755 41 16
-677.1905 398.97708 -109.24339 41 16
-693.4211 412.16003 -106.017 41 16
-709.22974 425.67075 -102.97679 41 16
-725.0702 439.23907 -99.65591 41 16
