x y z track_id event_id
-126.80719 26.464495 176.13487 0 0
-146.93259 30.494646 166.9248 0 0
-167.12173 34.310345 157.94878 0 0
-187.40475 37.90472 148.96677 0 0
-207.80336 41.273144 139.87025 0 0
-228.29126 44.420803 130.8745 0 0
-248.68199 47.383133 121.8433 0 0
-269.1205 50.130688 112.76905 0 0
-289.54266 52.67452 103.6627 0 0
-310.19803 54.968906 94.8245 0 0
-330.8304 57.060116 85.626564 0 0
-351.3628 58.959595 76.50421 0 0
-371.7775 60.667625 67.33998 0 0
-392.56915 62.10308 58.415997 0 0
-413.26535 63.3428 49.143673 0 0
-433.997 64.36487 40.085464 0 0
-454.6165 65.189926 31.289423 0 0
-475.33286 65.78635 22.043917 0 0
-496.14462 66.15477 12.892983 0 0
-516.7647 66.33251 3.9468882 0 0
-537.67993 66.25573 -5.40767 0 0
-558.2766 66.00052 -14.283579 0 0
-579.362 65.46987 -23.537619 0 0
-600.16016 64.75419 -32.79193 0 0
-620.82166 63.83278 -41.775352 0 0
-641.6013 62.67786 -50.904236 0 0
-662.39594 61.300045 -60.02628 0 0
-683.37897 59.683716 -69.390114 0 0
-704.1638 57.862873 -78.52402 0 0
-725.1055 55.806458 -87.79729 0 0
-746.1332 53.52139 -96.93983 0 0
-766.85394 51.034584 -105.95565 0 0
-787.6692 48.31607 -115.23626 0 0
-808.29083 45.382988 -124.36925 0 0
-829.0735 42.213764 -133.4387 0 0
-70.214325 -121.06823 305.70758 1 0
-82.918686 -137.22086 315.89758 1 0
-95.72277 -153.43015 326.01724 1 0
-108.75956 -169.46211 336.33636 1 0
-122.2126 -185.03346 346.41965 1 0
-135.71915 -200.69608 356.6472 1 0
-149.51291 -216.08739 366.5884 1 0
-163.41919 -231.45494 376.87115 1 0
-177.65938 -246.47649 387.04404 1 0
-192.20248 -261.19818 397.35382 1 0
-206.83107 -275.9106 407.30524 1 0
-221.83858 -290.21423 417.60556 1 0
-236.95969 -304.45596 427.86066 1 0
-252.33235 -318.44913 437.98914 1 0
-267.86627 -332.30276 448.3187 1 0
-283.77423 -345.74887 458.46445 1 0
-299.80453 -359.09384 468.9034 1 0
-316.00018 -372.27618 479.0592 1 0
-332.30948 -385.34808 489.3513 1 0
-349.03873 -397.94986 499.5998 1 0
-366.02066 -410.27594 509.9734 1 0
-383.04382 -422.55695 520.2134 1 0
-400.34183 -434.52542 530.6106 1 0
-417.656 -446.45642 540.8844 1 0
-435.34225 -457.96118 551.2961 1 0
-453.28925 -469.15863 561.7711 1 0
-471.41766 -480.1276 571.9369 1 0
-489.34897 -491.24185 582.5135 1 0
-508.00443 -501.56833 592.9255 1 0
-526.7379 -511.7547 603.5936 1 0
-545.40436 -521.92944 614.0776 1 0
-564.5786 -531.5345 624.3654 1 0
-583.6684 -541.128 634.7872 1 0
-602.96674 -550.4257 645.3844 1 0
-622.6431 -559.2713 656.0068 1 0
-124.13384 36.342304 382.70737 2 0
-143.15085 43.89875 404.12637 2 0
-162.31018 51.6875 425.58206 2 0
-181.25215 59.81582 447.38345 2 0
-200.1905 68.21197 468.6023 2 0
-218.9772 76.92187 490.2619 2 0
-237.40681 86.018425 512.0957 2 0
-256.04977 95.29388 533.5 2 0
-274.28503 104.97273 555.1046 2 0
-292.56326 114.88374 576.7303 2 0
-310.55624 125.15099 598.64404 2 0
-328.65424 135.61497 620.20825 2 0
-346.2251 146.53279 641.9382 2 0
-363.91885 157.63147 663.5456 2 0
-381.36603 169.06357 685.4691 2 0
-398.764 180.7393 707.1886 2 0
-415.77646 192.80829 729.0337 2 0
-432.59402 205.18384 750.8937 2 0
-449.56036 217.69711 772.87335 2 0
-465.96198 230.688 794.7373 2 0
-482.48584 243.81816 816.6234 2 0
-498.674 257.31097 838.7588 2 0
-514.7766 271.03604 860.71094 2 0
-530.69226 285.041 882.7451 2 0
-546.2439 299.41907 904.9545 2 0
-561.81915 313.9552 927.07184 2 0
-576.72766 329.03192 949.4386 2 0
-591.8069 344.17374 971.7816 2 0
-606.51556 359.6847 993.94446 2 0
-621.1438 375.39078 1016.40356 2 0
-635.5079 391.3961 1038.6445 2 0
-649.7319 407.61984 1061.1686 2 0
-663.57117 424.2109 1083.8569 2 0
-677.08386 441.13232 1106.4539 2 0
-690.44635 458.26562 1129.1715 2 0
-91.38869 90.776634 232.7384 3 0
-105.71552 105.57174 232.32916 3 0
-120.16537 120.24426 231.68996 3 0
-134.34026 135.19113 230.91487 3 0
-148.4392 150.21284 230.42465 3 0
-162.48491 165.2853 229.66934 3 0
-176.50539 180.37852 229.00887 3 0
-190.42882 195.56429 228.25159 3 0
-204.195 210.90396 227.65417 3 0
-218.01141 226.18239 227.14684 3 0
-231.51863 241.77144 226.49251 3 0
-245.06703 257.30615 225.93033 3 0
-258.35782 273.09888 225.04526 3 0
-271.8119 288.70453 224.56094 3 0
-285.06537 304.50626 223.81577 3 0
-298.1346 320.4876 223.27042 3 0
-311.2042 336.44983 222.68033 3 0
-323.98422 352.70547 222.1632 3 0
-337.09888 368.57443 221.2201 3 0
-349.8483 384.8177 220.74875 3 0
-362.3421 401.3183 219.9806 3 0
-374.89948 417.72284 219.43437 3 0
-387.2471 434.33356 218.71063 3 0
-399.61966 450.88718 218.13664 3 0
-411.9444 467.4627 217.56729 3 0
-424.06268 484.23932 216.82259 3 0
-436.11926 501.052 216.04898 3 0
-448.0671 517.95337 215.48907 3 0
-460.10175 534.7153 214.95055 3 0
-471.6725 551.97705 214.24776 3 0
-483.34308 569.0819 213.62532 3 0
-494.80222 586.3933 212.92134 3 0
-506.3766 603.5232 212.29655 3 0
-517.5746 621.05554 211.74599 3 0
-528.90356 638.38293 211.17096 3 0
124.35052 -74.55716 -84.62127 4 1
142.10326 -85.12047 -84.768776 4 1
159.77689 -95.62954 -84.77013 4 1
177.62308 -105.93228 -84.88175 4 1
195.7216 -115.980446 -84.98781 4 1
213.81033 -125.92876 -84.961815 4 1
231.78311 -135.837 -84.95351 4 1
249.9978 -145.49303 -85.08001 4 1
268.39566 -154.93117 -85.244255 4 1
286.6902 -164.3153 -85.116486 4 1
305.39954 -173.34708 -85.11791 4 1
323.99057 -182.32991 -85.32881 4 1
342.70355 -191.1253 -85.40735 4 1
361.50848 -199.749 -85.46669 4 1
380.273 -208.27211 -85.59943 4 1
399.17557 -216.59451 -85.46236 4 1
418.24802 -224.69853 -85.45851 4 1
437.35156 -232.65794 -85.749275 4 1
456.5177 -240.45401 -85.820015 4 1
475.80026 -248.05695 -85.82423 4 1
495.28616 -255.42114 -85.92642 4 1
514.6661 -262.70508 -85.77573 4 1
534.191 -269.7777 -85.84118 4 1
553.91705 -276.61066 -85.88602 4 1
573.6373 -283.30692 -86.02635 4 1
593.3064 -289.8859 -85.940636 4 1
613.00287 -296.3063 -86.01287 4 1
633.18994 -302.34473 -86.002045 4 1
653.0838 -308.37677 -85.96221 4 1
673.21216 -314.14883 -86.2636 4 1
693.24896 -319.8127 -86.296 4 1
713.3698 -325.28436 -86.321 4 1
733.4899 -330.6009 -86.37616 4 1
753.8133 -335.66904 -86.32708 4 1
774.30615 -340.5046 -86.48285 4 1
-67.6493 129.6979 45.23692 5 1
-78.25599 147.30565 63.813572 5 1
-88.89043 164.98509 82.13151 5 1
-99.61276 182.61992 100.64677 5 1
-110.519875 200.03375 119.19895 5 1
-121.40095 217.60898 137.49301 5 1
-132.42479 235.03868 156.22322 5 1
-143.71252 252.11214 174.69908 5 1
-154.9282 269.4213 193.14018 5 1
-166.1664 286.79437 211.5052 5 1
-177.6547 303.8382 230.14973 5 1
-189.20604 320.8761 248.6134 5 1
-200.7693 337.99203 267.15045 5 1
-212.52168 354.88608 285.70496 5 1
-224.36522 371.72354 304.20825 5 1
-236.1777 388.70465 322.6918 5 1
-248.16348 405.49036 341.00742 5 1
-260.22635 422.23886 359.66388 5 1
-272.5008 438.73215 378.29578 5 1
-284.6548 455.50482 396.70627 5 1
-297.02817 472.00903 415.30588 5 1
-309.43896 488.53543 433.84695 5 1
-321.99103 504.91873 452.34552 5 1
-334.5867 521.3118 471.0584 5 1
-347.29272 537.6093 489.5693 5 1
-360.17627 553.70776 508.00986 5 1
-372.97232 570.01385 526.65344 5 1
-385.99417 586.0461 545.1192 5 1
-399.0747 602.0597 563.8082 5 1
-412.29648 617.9294 582.5485 5 1
-425.50748 633.8822 600.8351 5 1
-438.87894 649.6612 619.2715 5 1
-452.3701 665.32764 637.9907 5 1
-465.85947 681.0591 656.7874 5 1
-479.42905 696.73334 675.13794 5 1
144.61334 35.592117 -366.9232 6 1
164.4038 40.725334 -407.02066 6 1
184.49442 45.933495 -447.19733 6 1
204.25616 51.37229 -487.73117 6 1
224.17165 56.920784 -527.9322 6 1
244.01826 62.634144 -568.4886 6 1
263.6114 68.560135 -608.7038 6 1
283.25046 74.62156 -649.149 6 1
303.01483 80.79597 -689.4796 6 1
322.64246 87.15195 -729.9868 6 1
342.10397 93.69801 -770.4322 6 1
361.7579 100.33563 -810.6593 6 1
381.47723 107.09739 -850.9665 6 1
400.69778 114.14218 -891.32947 6 1
420.18314 121.25427 -931.8948 6 1
439.25787 128.62717 -972.3835 6 1
458.84952 135.98958 -1012.9302 6 1
478.0959 143.59338 -1053.2554 6 1
497.03262 151.43071 -1093.716 6 1
516.09015 159.37135 -1134.3551 6 1
535.16077 167.4464 -1174.9408 6 1
554.3242 175.62918 -1215.4308 6 1
573.3619 183.98753 -1256.0592 6 1
592.1074 192.57588 -1296.5549 6 1
610.9118 201.28102 -1337.2184 6 1
629.76276 210.10506 -1377.8817 6 1
648.5483 219.08391 -1418.4492 6 1
666.8931 228.3455 -1459.1279 6 1
685.5204 237.64366 -1499.6593 6 1
704.14087 247.07477 -1540.7759 6 1
722.66223 256.67035 -1581.1827 6 1
741.08746 266.4292 -1621.7861 6 1
759.32574 276.3842 -1662.9031 6 1
777.5687 286.4657 -1703.6901 6 1
795.8517 296.6591 -1744.4319 6 1
99.2115 -86.84527 -81.02758 7 2
117.40041 -96.58196 -100.66664 7 2
135.64972 -106.17726 -120.69818 7 2
153.84035 -115.71334 -140.55386 7 2
172.34402 -124.90617 -160.38676 7 2
190.90485 -133.94998 -180.2456 7 2
209.49239 -142.86076 -200.1012 7 2
228.01212 -151.69574 -219.69603 7 2
246.77872 -160.24161 -239.60313 7 2
265.72977 -168.54388 -259.5524 7 2
284.74057 -176.68219 -279.45728 7 2
303.8795 -184.61203 -299.0392 7 2
322.7398 -192.57555 -319.08783 7 2
342.09955 -200.1038 -339.00113 7 2
361.5476 -207.44496 -358.59695 7 2
380.88583 -214.70914 -378.81113 7 2
400.22595 -221.82701 -398.63785 7 2
419.9172 -228.6048 -418.55563 7 2
439.54633 -235.2697 -438.5773 7 2
459.32318 -241.70587 -458.58395 7 2
478.98172 -248.05142 -478.31473 7 2
498.87354 -254.12077 -498.53265 7 2
518.8538 -259.989 -518.5848 7 2
538.7692 -265.73062 -538.33 7 2
558.78705 -271.25967 -558.55676 7 2
579.047 -276.50873 -578.57336 7 2
599.3168 -281.58948 -598.61475 7 2
619.5608 -286.51556 -618.64606 7 2
639.7907 -291.2781 -638.5684 7 2
660.1414 -295.81357 -658.7459 7 2
680.7878 -300.04462 -679.1888 7 2
701.2941 -304.1638 -699.078 7 2
721.73175 -308.1349 -719.13025 7 2
742.39746 -311.8292 -739.61456 7 2
762.9301 -315.39798 -759.6669 7 2
108.47922 20.071579 187.32674 8 2
128.08745 26.786243 211.67087 8 2
147.35973 33.4538 236.13266 8 2
166.9563 39.93269 260.68506 8 2
186.61093 46.278538 284.99768 8 2
206.12482 52.541767 309.48346 8 2
226.0736 58.575775 333.7637 8 2
245.68864 64.57758 358.28134 8 2
265.42282 70.430305 382.45297 8 2
285.26324 76.136314 407.19852 8 2
305.17825 81.70344 431.6269 8 2
324.82806 87.22241 455.81964 8 2
344.9328 92.49976 480.31284 8 2
364.81143 97.717674 504.9736 8 2
384.70642 102.8106 529.2815 8 2
404.9383 107.69271 553.6179 8 2
424.8371 112.542015 578.2713 8 2
445.0067 117.19762 602.54816 8 2
465.27316 121.705696 626.96924 8 2
485.2891 126.15643 651.4319 8 2
505.4999 130.43295 676.21643 8 2
525.979 134.517 700.58124 8 2
546.1149 138.56479 725.0737 8 2
566.4415 142.43922 749.5142 8 2
586.67737 146.21106 773.9919 8 2
607.24835 149.77394 798.6872 8 2
627.7473 153.22913 823.11926 8 2
648.1007 156.59326 847.58307 8 2
668.7408 159.76123 872.1918 8 2
688.9303 162.90897 896.65106 8 2
709.6487 165.80333 921.37177 8 2
730.0442 168.64468 945.79846 8 2
750.5988 171.31976 970.4296 8 2
771.2331 173.84718 995.0762 8 2
791.86176 176.24597 1019.82587 8 2
-133.40237 -33.56527 126.261086 9 2
-153.53603 -34.878708 140.65419 9 2
-174.2083 -35.934795 154.96748 9 2
-194.8508 -36.87336 169.49934 9 2
-215.22343 -37.73381 183.78618 9 2
-236.01279 -38.393547 198.09224 9 2
-256.618 -38.958103 212.42386 9 2
-277.15942 -39.403946 226.78792 9 2
-297.48837 -39.74895 241.2374 9 2
-318.50006 -39.87562 255.41595 9 2
-338.78854 -39.96531 269.99344 9 2
-359.691 -39.853737 284.19897 9 2
-380.08603 -39.670242 298.45047 9 2
-400.69977 -39.333637 313.14777 9 2
-421.35443 -38.864254 327.20288 9 2
-442.10754 -38.257675 341.66373 9 2
-462.54504 -37.548954 356.1111 9 2
-483.35226 -36.680927 370.49945 9 2
-503.90048 -35.703762 384.92438 9 2
-524.4092 -34.59899 399.07416 9 2
-545.08765 -33.353207 413.55304 9 2
-565.7836 -31.977364 427.97223 9 2
-586.0845 -30.493073 442.44373 9 2
-606.9655 -28.848637 456.78516 9 2
-627.3572 -27.097868 471.19656 9 2
-648.0154 -25.20499 485.5446 9 2
-668.7503 -23.17999 499.78287 9 2
-689.18243 -21.035381 514.3469 9 2
-709.7146 -18.75678 528.77124 9 2
-730.4113 -16.343994 543.18115 9 2
-750.8678 -13.8064575 557.638 9 2
-771.5437 -11.134705 572.1036 9 2
-792.0643 -8.335302 586.63666 9 2
-812.57544 -5.4055076 601.1505 9 2
-833.2729 -2.3447168 615.6444 9 2
37.38897 92.81776 -74.880066 10 2
44.46511 111.95328 -93.646126 10 2
51.309536 131.29857 -112.49087 10 2
57.961777 150.7568 -131.47786 10 2
64.34095 170.54254 -150.13588 10 2
70.66297 190.0852 -169.06653 10 2
76.822655 209.65518 -187.74835 10 2
82.72436 229.51405 -206.73506 10 2
88.54088 249.18324 -225.5955 10 2
94.04408 269.30142 -244.35619 10 2
99.52682 289.0336 -263.27496 10 2
104.750496 309.06046 -282.0948 10 2
109.76785 329.2328 -300.80127 10 2
114.72614 349.10416 -319.9154 10 2
119.449455 369.199 -338.8011 10 2
123.980415 389.38913 -357.4329 10 2
128.36311 409.53336 -376.5778 10 2
132.53384 429.8311 -395.40186 10 2
136.46646 450.37103 -414.1983 10 2
140.31569 470.64142 -433.1986 10 2
143.98517 490.95203 -452.11395 10 2
147.43268 511.44635 -471.1934 10 2
150.7318 531.86914 -489.9918 10 2
153.7944 552.528 -508.7071 10 2
156.77246 572.875 -527.97437 10 2
159.48381 593.566 -546.8225 10 2
161.99446 614.3646 -565.92804 10 2
164.3976 634.9119 -584.8877 10 2
166.60371 655.5407 -603.822 10 2
168.59068 676.3391 -622.9952 10 2
170.41621 697.07605 -641.9446 10 2
172.02907 717.95636 -661.13794 10 2
173.48561 738.7435 -680.14557 10 2
174.70447 759.7803 -699.28485 10 2
175.81113 780.52014 -718.30396 10 2
142.09879 -8.069895 -72.73073 11 3
162.69217 -6.5299635 -58.59502 11 3
183.11592 -4.8939986 -44.351276 11 3
203.61046 -3.1524212 -30.011614 11 3
224.14459 -1.3082292 -15.959792 11 3
244.72136 0.6372764 -1.7279322 11 3
265.05673 2.6858838 12.482132 11 3
285.66873 4.8337183 26.774197 11 3
306.29642 7.0811844 40.92703 11 3
326.55167 9.439229 55.295597 11 3
347.01816 11.893842 69.43756 11 3
367.42755 14.451975 83.582115 11 3
387.74893 17.11564 97.82299 11 3
408.31 19.869892 112.086365 11 3
428.78046 22.728859 126.20358 11 3
449.21732 25.69031 140.51999 11 3
469.46915 28.76377 154.5168 11 3
489.98608 31.92191 169.01877 11 3
510.33865 35.19109 183.04262 11 3
530.7381 38.557644 197.43494 11 3
551.0754 42.02918 211.78 11 3
571.3305 45.607777 226.11996 11 3
591.80365 49.26909 240.13547 11 3
611.68616 53.08079 254.42097 11 3
632.02856 56.95405 268.61072 11 3
652.507 60.914257 282.74347 11 3
672.83966 64.98714 297.31052 11 3
693.04584 69.17198 311.5433 11 3
713.07916 73.474556 325.78378 11 3
733.39935 77.84749 339.88998 11 3
753.5338 82.33949 354.21967 11 3
773.81177 86.91509 368.58246 11 3
793.93964 91.60662 382.67062 11 3
813.9255 96.41427 397.13474 11 3
834.18884 101.288124 411.41528 11 3
-107.89021 -68.12646 -277.3557 12 3
-126.82609 -76.631584 -295.47247 12 3
-145.19484 -85.55281 -313.29953 12 3
-163.84625 -94.37672 -331.46133 12 3
-182.49594 -103.27619 -349.5277 12 3
-200.90544 -112.38466 -367.43903 12 3
-219.36494 -121.53729 -385.56876 12 3
-237.93199 -130.70358 -403.61575 12 3
-256.14627 -140.13637 -421.60507 12 3
-274.37186 -149.63446 -439.6442 12 3
-292.67603 -159.16147 -457.83673 12 3
-311.0337 -168.73106 -475.6525 12 3
-329.2279 -178.46062 -493.6029 12 3
-347.0907 -188.44075 -511.80646 12 3
-365.35345 -198.27417 -529.6411 12 3
-383.26645 -208.36745 -548.00024 12 3
-401.20007 -218.51913 -566.00195 12 3
-419.19705 -228.70537 -584.0102 12 3
-436.8708 -239.1368 -601.95844 12 3
-454.6113 -249.60023 -620.1896 12 3
-472.35504 -260.12976 -638.1988 12 3
-490.06332 -270.74603 -656.3085 12 3
-507.98404 -281.31125 -674.3471 12 3
-525.4169 -292.21283 -692.41174 12 3
-542.949 -303.12524 -710.62 12 3
-560.4108 -314.14218 -728.4626 12 3
-577.7275 -325.30548 -746.5686 12 3
-595.21277 -336.43808 -764.8837 12 3
-612.679 -347.6444 -782.9923 12 3
-629.76294 -359.1309 -801.0813 12 3
-647.1065 -370.532 -819.136 12 3
-664.0823 -382.2058 -837.18933 12 3
-681.15485 -393.88583 -855.23193 12 3
-698.2377 -405.62073 -873.3493 12 3
-715.2877 -417.43457 -891.4732 12 3
-54.36965 97.31081 -660.07806 13 3
-64.38781 115.34198 -738.567 13 3
-74.3706 133.31976 -816.8393 13 3
-84.18527 151.48126 -895.1436 13 3
-93.99449 169.53357 -973.6914 13 3
-103.60239 187.82869 -1051.9116 13 3
-113.16466 206.08508 -1130.3436 13 3
-122.66081 224.3382 -1208.9297 13 3
-132.13948 242.49709 -1287.3011 13 3
-141.37103 260.9825 -1365.5383 13 3
-150.50375 279.52286 -1443.7822 13 3
-159.63069 297.94373 -1522.5479 13 3
-168.57195 316.57913 -1600.6923 13 3
-177.48244 335.13855 -1679.2272 13 3
-186.35606 353.63065 -1757.6781 13 3
-195.00974 372.40213 -1836.2812 13 3
-203.64305 391.07285 -1914.7942 13 3
-212.04079 410.05524 -1993.1384 13 3
-220.45245 428.86807 -2071.6758 13 3
-228.76025 447.737 -2150.0652 13 3
-236.98232 466.62564 -2228.766 13 3
-245.02881 485.71063 -2307.1345 13 3
-253.11066 504.5733 -2385.6394 13 3
-101.78897 -102.318054 33.929405 14 4
-116.34839 -116.88458 11.679095 14 4
-130.83368 -131.52827 -10.271433 14 4
-145.41841 -146.07399 -32.354927 14 4
-159.71045 -160.91446 -54.784313 14 4
-173.91147 -175.84633 -76.80322 14 4
-188.15039 -190.73781 -98.92696 14 4
-202.25476 -205.76175 -121.014465 14 4
-216.10619 -221.03851 -143.24092 14 4
-230.06395 -236.2 -165.38759 14 4
-243.71304 -251.67058 -187.44783 14 4
-257.38962 -267.10342 -209.57832 14 4
-270.88315 -282.71506 -231.8549 14 4
-284.28503 -298.40982 -253.97629 14 4
-297.5931 -314.1887 -276.30002 14 4
-310.87848 -329.97482 -298.3508 14 4
-324.0172 -345.89798 -320.34207 14 4
-336.9243 -362.04916 -342.69107 14 4
-349.7632 -378.25287 -364.8113 14 4
-362.49542 -394.5492 -387.0621 14 4
-375.1615 -410.89264 -409.29272 14 4
-387.7601 -427.28262 -431.6221 14 4
-400.30762 -443.69894 -453.656 14 4
-412.66168 -460.29813 -475.90344 14 4
-424.76736 -477.14243 -498.23438 14 4
-436.9642 -493.8499 -520.47876 14 4
-448.82782 -510.89783 -542.6498 14 4
-460.847 -527.73016 -564.9595 14 4
-472.62057 -544.80206 -587.33844 14 4
-484.3625 -561.86725 -609.56903 14 4
-495.9151 -579.1066 -631.93884 14 4
-507.2334 -596.5738 -654.0736 14 4
-518.5234 -614.0264 -676.48364 14 4
-529.7666 -631.4833 -698.82324 14 4
-540.88074 -649.0402 -721.22314 14 4
-140.77275 -9.387453 145.75449 15 4
-161.17928 -9.568553 139.53856 15 4
-181.77983 -9.571665 133.40071 15 4
-202.52467 -9.402857 126.99727 15 4
-223.08575 -9.077825 121.10846 15 4
-243.69739 -8.585042 114.630165 15 4
-264.13162 -7.9320736 108.4441 15 4
-284.69678 -7.1084514 102.32687 15 4
-305.49417 -6.114088 96.07591 15 4
-326.04028 -4.9596553 90.00583 15 4
-346.60898 -3.638637 83.441826 15 4
-367.14923 -2.1516483 77.24945 15 4
-387.87857 -0.4980308 71.12017 15 4
-408.4599 1.3207105 64.71943 15 4
-428.7634 3.3075433 58.844894 15 4
-449.50528 5.4574084 52.5678 15 4
-470.16052 7.773103 46.33079 15 4
-490.52286 10.260003 39.85522 15 4
-511.08624 12.909351 33.815964 15 4
-531.61694 15.725317 27.556948 15 4
-552.0822 18.709293 21.225704 15 4
-572.3433 21.86726 15.142438 15 4
-593.0713 25.173174 8.722535 15 4
-613.60004 28.651981 2.7425864 15 4
-633.8477 32.3102 -3.8370912 15 4
-654.0568 36.137787 -9.9861765 15 4
-674.5601 40.11521 -16.270563 15 4
-695.008 44.260735 -22.580805 15 4
-715.28265 48.582787 -28.693436 15 4
-735.6064 53.067238 -35.134686 15 4
-755.74054 57.731365 -41.325794 15 4
-776.22955 62.533386 -47.67009 15 4
-796.3607 67.528885 -53.76291 15 4
-816.6396 72.67703 -60.13449 15 4
-836.7225 78.00761 -66.4153 15 4
-109.87896 85.75969 51.264267 16 4
-126.32762 98.1251 31.726814 16 4
-142.87604 110.37373 11.852925 16 4
-159.64915 122.40941 -7.5760894 16 4
-176.30627 134.49347 -27.30508 16 4
-193.10254 146.42924 -47.064392 16 4
-209.98506 158.25687 -66.69182 16 4
-226.90428 170.01306 -86.43949 16 4
-243.67972 181.83124 -106.085175 16 4
-260.8229 193.32893 -125.73104 16 4
-278.15933 204.63803 -145.53685 16 4
-295.32968 216.02254 -165.04263 16 4
-312.50357 227.35524 -184.7576 16 4
-329.81073 238.54091 -204.24875 16 4
-347.17706 249.633 -224.1371 16 4
-364.6852 260.5717 -243.73466 16 4
-382.3293 271.3616 -263.43103 16 4
-399.88583 282.16064 -283.196 16 4
-417.56454 292.81912 -302.87833 16 4
-435.28268 303.3948 -322.58853 16 4
-453.20743 313.77097 -342.19342 16 4
-470.95685 324.21164 -362.02136 16 4
-488.94562 334.4295 -381.73862 16 4
-506.77823 344.69504 -401.5402 16 4
-525.1526 354.53333 -421.2071 16 4
-543.15454 364.56354 -440.79068 16 4
-561.3878 374.3768 -460.52893 16 4
-579.5716 384.16077 -480.28668 16 4
-597.82416 393.83545 -500.1941 16 4
-616.1312 403.40973 -519.86053 16 4
-634.58276 412.82437 -539.5579 16 4
-653.1108 422.1238 -559.2093 16 4
-671.69336 431.32156 -579.14044 16 4
-690.3478 440.40607 -598.92676 16 4
-708.9818 449.43518 -618.6482 16 4
-49.916004 130.60915 38.253708 17 4
-56.864502 150.30217 16.665829 17 4
-63.824284 169.64178 -4.833471 17 4
-70.696365 188.88266 -26.1459 17 4
-77.28822 208.53804 -47.816643 17 4
-83.85706 227.91602 -69.18959 17 4
-90.20867 247.53893 -90.68079 17 4
-96.349396 267.39288 -112.44242 17 4
-102.48644 286.90146 -133.89774 17 4
-108.415924 306.62744 -155.31491 17 4
-114.14221 326.56192 -177.23326 17 4
-119.78089 346.3741 -198.6138 17 4
-125.24433 366.3128 -220.13115 17 4
-130.59486 386.1945 -241.5422 17 4
-135.81613 406.0628 -263.10184 17 4
-140.76405 426.3498 -284.6377 17 4
-145.69629 446.27786 -306.2731 17 4
-150.37381 466.57153 -328.05103 17 4
-155.01193 486.56503 -349.28027 17 4
-159.4249 506.83392 -370.9685 17 4
-163.72168 527.0345 -392.69754 17 4
-167.83484 547.3804 -414.33362 17 4
-171.88603 567.47205 -435.74414 17 4
-175.64609 588.0628 -457.3996 17 4
-179.3308 608.43726 -479.31097 17 4
-182.88985 628.75604 -500.93097 17 4
-186.27818 649.17035 -522.4736 17 4
-189.45586 669.8217 -544.1455 17 4
-192.52905 690.33624 -565.6771 17 4
-195.42752 710.9597 -587.3453 17 4
-198.22467 731.42255 -609.3055 17 4
-200.8625 751.931 -630.61774 17 4
-203.26039 772.7903 -652.60895 17 4
-205.56856 793.43286 -674.239 17 4
-207.70833 814.1535 -696.0569 17 4
-139.22745 -24.173372 349.28308 18 4
-159.38994 -27.697365 372.1156 18 4
-179.73465 -31.327118 394.68475 18 4
-200.09872 -35.090412 417.66736 18 4
-220.46774 -38.989243 440.37027 18 4
-240.62247 -43.062363 463.03418 18 4
-260.54868 -47.31332 485.84003 18 4
-280.7872 -51.643974 508.78015 18 4
-301.13275 -56.08984 531.4626 18 4
-321.06686 -60.747658 554.20447 18 4
-341.16284 -65.51028 577.29114 18 4
-361.09973 -70.43842 599.7655 18 4
-381.10767 -75.48745 622.72144 18 4
-401.1926 -80.65499 645.8821 18 4
-421.05283 -86.001434 668.464 18 4
-440.9528 -91.47349 691.17786 18 4
-460.92947 -97.06243 714.04517 18 4
-480.61002 -102.84671 736.8861 18 4
-500.42224 -108.73571 759.702 18 4
-520.2983 -114.7425 782.6525 18 4
-539.9427 -120.93198 805.4194 18 4
-559.52484 -127.267365 828.2106 18 4
-579.3028 -133.68909 851.12177 18 4
-599.0046 -140.25821 874.22076 18 4
-618.50446 -147.0047 896.9486 18 4
-638.1336 -153.85011 919.9753 18 4
-657.51984 -160.88347 942.6578 18 4
-677.0085 -168.0209 965.6453 18 4
-696.41907 -175.30605 988.50903 18 4
-715.80884 -182.72435 1011.4475 18 4
-735.23663 -190.26012 1034.3623 18 4
-754.3937 -197.99315 1057.4047 18 4
-773.69037 -205.8164 1080.499 18 4
-792.7044 -213.84149 1103.4924 18 4
-812.09375 -221.89084 1126.4955 18 4
7.3763723 149.42038 -421.40988 19 5
5.7733536 169.82823 -457.47043 19 5
3.6061916 190.49016 -493.71835 19 5
0.88710314 211.17828 -530.0061 19 5
-2.385076 231.62842 -566.09845 19 5
-6.217146 251.9383 -602.6853 19 5
-10.60202 272.3993 -639.1426 19 5
-15.536285 292.90955 -675.7588 19 5
-21.034067 313.18335 -712.23566 19 5
-27.131243 332.85846 -749.16705 19 5
-33.74179 353.05563 -786.03125 19 5
-40.935757 372.8887 -822.66034 19 5
-48.6981 392.55792 -859.89813 19 5
-57.03066 412.05408 -897.05066 19 5
-65.8887 431.67157 -934.61145 19 5
-75.3263 451.00748 -971.7851 19 5
-85.37927 469.88333 -1009.6645 19 5
-96.011284 488.53757 -1047.2667 19 5
-107.1568 507.2769 -1085.1313 19 5
-118.91257 525.6058 -1123.4608 19 5
-131.21774 543.8011 -1161.7075 19 5
-144.12592 561.62463 -1200.2318 19 5
-157.64748 579.0471 -1238.8981 19 5
-171.64725 596.5484 -1277.987 19 5
-186.30214 613.4771 -1316.9795 19 5
-201.52608 630.13025 -1356.7935 19 5
-217.34308 646.4172 -1396.2582 19 5
-233.75829 662.3139 -1436.2607 19 5
-250.74442 677.88477 -1476.6145 19 5
-268.32977 693.0357 -1517.2504 19 5
-286.44177 707.9338 -1558.1532 19 5
-305.28085 722.0682 -1599.5743 19 5
-324.5919 736.04083 -1641.1842 19 5
-344.5419 749.435 -1683.3765 19 5
-365.22034 762.05646 -1725.6366 19 5
-91.50505 106.00328 -188.35434 20 5
-107.52978 118.95642 -187.17633 20 5
-123.33934 132.14317 -186.07149 20 5
-139.51631 144.92249 -184.6964 20 5
-155.72891 157.6511 -183.70706 20 5
-171.87502 170.42242 -182.47458 20 5
-188.3437 182.84647 -181.22803 20 5
-204.85443 195.20154 -180.18439 20 5
-221.34749 207.53851 -179.04486 20 5
-238.10205 219.59294 -177.78528 20 5
-254.93982 231.53214 -176.6656 20 5
-271.70203 243.49588 -175.48134 20 5
-288.78125 255.1294 -174.33469 20 5
-306.0166 266.57925 -173.16849 20 5
-323.17767 278.0439 -171.93344 20 5
-340.45602 289.3535 -170.68773 20 5
-357.9224 300.44775 -169.65991 20 5
-375.5189 311.376 -168.50705 20 5
-393.05762 322.29178 -167.26955 20 5
-410.79803 332.97894 -166.08173 20 5
-428.62344 343.5326 -165.07925 20 5
-446.4929 353.98343 -163.76218 20 5
-464.36255 364.36322 -162.67863 20 5
-482.53162 374.43594 -161.20573 20 5
-500.66064 384.4661 -160.32245 20 5
-518.94604 394.29977 -158.91115 20 5
-537.2291 404.0565 -157.95648 20 5
-555.7361 413.5644 -156.97758 20 5
-574.4695 422.8233 -155.3423 20 5
-593.0059 432.14355 -154.51848 20 5
-611.7523 441.22382 -153.04108 20 5
-630.5582 450.17285 -151.97638 20 5
-649.53296 458.91144 -150.87819 20 5
-668.39526 467.63675 -149.7875 20 5
-687.5099 476.09067 -148.6787 20 5
124.03765 69.896095 -309.4414 21 5
143.62335 76.459114 -327.73285 21 5
163.30759 82.67441 -345.78796 21 5
183.05656 88.55071 -364.0098 21 5
203.13397 93.95723 -382.15802 21 5
223.18356 99.059456 -400.43112 21 5
243.2077 103.84347 -418.6655 21 5
263.6403 108.11983 -437.01605 21 5
283.91064 112.123764 -455.32843 21 5
304.56192 115.63218 -473.55402 21 5
325.01468 118.86492 -491.93066 21 5
345.63135 121.67772 -510.48465 21 5
366.49026 124.04289 -528.8504 21 5
386.99805 126.15566 -547.3544 21 5
408.13837 127.687454 -565.688 21 5
429.10693 128.89688 -584.3568 21 5
450.1126 129.7106 -602.7669 21 5
471.2749 130.09055 -621.28827 21 5
492.33072 130.10567 -640.2563 21 5
513.3963 129.71692 -658.8032 21 5
534.73145 128.85634 -677.5912 21 5
555.91797 127.62383 -696.144 21 5
577.1962 125.956566 -714.92426 21 5
598.4752 123.8715 -734.0705 21 5
619.5913 121.3959 -752.78577 21 5
641.2523 118.389 -771.7684 21 5
662.4216 115.044586 -790.8156 21 5
683.70514 111.24363 -809.789 21 5
705.15393 106.9782 -829.3571 21 5
726.4799 102.29057 -848.3523 21 5
747.59796 97.18425 -867.8334 21 5
768.7823 91.616486 -887.1813 21 5
790.30176 85.55721 -906.46674 21 5
811.11096 79.116394 -925.9618 21 5
832.37134 72.16761 -945.4575 21 5
-114.50346 -27.684895 -139.81657 22 5
-133.60185 -35.97499 -131.05211 22 5
-152.0546 -44.600773 -122.02298 22 5
-170.7701 -53.313717 -112.9596 22 5
-189.30432 -62.239254 -104.17804 22 5
-207.82468 -71.32376 -95.33859 22 5
-226.48376 -80.50907 -86.4407 22 5
-244.82921 -89.952705 -77.43859 22 5
-262.94785 -99.628975 -68.52775 22 5
-281.0599 -109.45551 -59.655586 22 5
-299.10117 -119.45424 -50.676067 22 5
-317.15994 -129.58746 -41.942383 22 5
-334.96997 -139.96233 -32.977787 22 5
-352.91675 -150.41756 -24.090555 22 5
-370.69592 -161.07849 -15.040051 22 5
-388.3065 -171.94638 -6.1677904 22 5
-405.6127 -183.08315 2.8308191 22 5
-423.1763 -194.2346 11.891214 22 5
-440.4338 -205.65434 20.650408 22 5
-457.66565 -217.21288 29.591543 22 5
-474.70212 -228.98912 38.55958 22 5
-491.71716 -240.89873 47.52968 22 5
-508.4763 -253.0553 56.556137 22 5
-525.39215 -265.2526 65.642624 22 5
-541.9141 -277.76556 74.52791 22 5
-558.6733 -290.27133 83.5084 22 5
-575.08704 -303.068 92.59776 22 5
-591.4451 -316.00464 101.58245 22 5
-607.7079 -329.10013 110.828125 22 5
-623.73975 -342.42715 119.59023 22 5
-639.7514 -355.86975 128.52477 22 5
-655.5926 -369.50906 137.52016 22 5
-671.4302 -383.24966 146.87929 22 5
-686.9765 -397.2539 155.64278 22 5
-702.43506 -411.405 164.77829 22 5
-96.204124 -59.45135 -116.720825 23 5
-111.822815 -72.71141 -104.30972 23 5
-127.78882 -85.788925 -91.574005 23 5
-143.71094 -98.92646 -78.94177 23 5
-159.42451 -112.23992 -66.35589 23 5
-174.9632 -125.71139 -53.82751 23 5
-190.66962 -139.09396 -41.153603 23 5
-206.19203 -152.63992 -28.658003 23 5
-221.43718 -166.42273 -15.894302 23 5
-236.94258 -180.03888 -3.400041 23 5
-252.10625 -193.94206 9.053366 23 5
-267.3729 -207.79305 21.86673 23 5
-282.62122 -221.68237 34.221825 23 5
-297.57907 -235.8241 46.895893 23 5
-312.6993 -249.86057 59.446182 23 5
-327.6916 -264.02042 71.97612 23 5
-342.69193 -278.19394 84.80091 23 5
-357.3624 -292.65582 97.32538 23 5
-372.11273 -307.0724 109.937035 23 5
-386.78006 -321.5757 122.657036 23 5
-401.43204 -336.10886 135.13176 23 5
-415.94125 -350.7778 147.83505 23 5
-430.20816 -365.66782 160.10976 23 5
-444.82117 -380.27817 172.9886 23 5
-459.15106 -395.14282 185.6047 23 5
-473.2492 -410.22034 198.34187 23 5
-487.33557 -425.32108 210.92276 23 5
-501.67288 -440.21283 223.38805 23 5
-515.7379 -455.35187 235.97075 23 5
-529.512 -470.75745 248.73218 23 5
-543.50684 -485.9752 261.38538 23 5
-557.20953 -501.4611 273.69583 23 5
-570.931 -516.9367 286.64883 23 5
-584.692 -532.3811 299.10892 23 5
-598.1588 -548.09766 312.01697 23 5
-146.70363 0.94580853 298.84964 24 6
-167.56844 0.5879797 306.05676 24 6
-187.94778 0.41317928 313.66074 24 6
-208.69989 0.41852784 321.07483 24 6
-229.21347 0.60562307 328.5347 24 6
-249.94044 0.97341555 336.05545 24 6
-270.44955 1.5234684 343.5985 24 6
-291.04477 2.2547643 351.0532 24 6
-311.61874 3.1679497 358.4779 24 6
-332.1866 4.2630777 365.98178 24 6
-352.93777 5.5373006 373.5087 24 6
-373.60458 6.9940157 380.7537 24 6
-394.08 8.636326 388.3083 24 6
-414.64343 10.459058 395.78397 24 6
-435.1752 12.464761 403.39627 24 6
-455.74164 14.651605 410.73367 24 6
-476.28714 17.021158 418.3978 24 6
-496.92822 19.568983 425.59155 24 6
-517.67377 22.29354 433.16495 24 6
-537.91724 25.221943 440.7583 24 6
-558.357 28.324375 448.24588 24 6
-578.77216 31.610495 455.68344 24 6
-599.31995 35.071217 463.35608 24 6
-619.79834 38.717396 470.6964 24 6
-640.2375 42.547626 478.3948 24 6
-660.5975 46.564945 485.75912 24 6
-681.07135 50.75566 493.2123 24 6
-701.2758 55.14823 500.65073 24 6
-721.6925 59.705807 508.44205 24 6
-741.8946 64.46252 515.8716 24 6
-762.2022 69.391525 523.5415 24 6
-782.56134 74.496284 531.05743 24 6
-802.55664 79.81704 538.5963 24 6
-822.81323 85.29316 546.08673 24 6
-842.88666 90.96884 553.75836 24 6
-92.015305 118.18651 278.71017 25 6
-103.84544 135.04315 283.3142 25 6
-115.57749 151.93945 287.9972 25 6
-127.064995 169.0659 292.33456 25 6
-138.51553 186.1456 296.9198 25 6
-149.63332 203.57367 301.33047 25 6
-160.68298 220.99239 305.95038 25 6
-171.74223 238.288 310.51926 25 6
-182.32137 256.13876 314.905 25 6
-192.96118 273.78983 319.47653 25 6
-203.54868 291.39163 324.0924 25 6
-213.78523 309.3698 328.50784 25 6
-223.86227 327.4509 332.9679 25 6
-233.84488 345.5367 337.59494 25 6
-243.68008 363.7014 341.95074 25 6
-253.3259 382.00546 346.67993 25 6
-262.7155 400.54996 351.10342 25 6
-272.0993 418.95187 355.45972 25 6
-281.25693 437.54428 360.08936 25 6
-290.35516 456.06598 364.6312 25 6
-299.16245 474.8773 369.18387 25 6
-307.8562 493.6976 373.79715 25 6
-316.4792 512.4529 378.19598 25 6
-324.7387 531.61523 382.8001 25 6
-332.95612 550.66077 387.19266 25 6
-341.011 569.7821 391.81857 25 6
-348.85114 589.06476 396.41068 25 6
-356.50565 608.459 401.0387 25 6
-364.0107 627.90094 405.48618 25 6
-371.26047 647.5717 410.06418 25 6
-378.47763 667.0811 414.76263 25 6
-385.53397 686.6471 419.08524 25 6
-392.31104 706.47986 423.77444 25 6
-398.91684 726.3864 428.2673 25 6
-405.4425 746.1964 432.77695 25 6
-145.22078 30.304716 243.2178 26 6
-165.33372 34.579124 242.57509 26 6
-185.65839 39.040146 241.70921 26 6
-205.50372 43.832584 240.86514 26 6
-225.37245 48.850594 239.8534 26 6
-245.43953 54.054447 239.002 26 6
-265.53925 59.477627 238.56116 26 6
-285.3579 65.18978 237.56181 26 6
-305.13797 71.13656 236.7368 26 6
-324.65778 77.36964 235.98347 26 6
-344.1886 83.825264 235.17758 26 6
-364.10138 90.40938 234.41212 26 6
-383.50946 97.339 233.52086 26 6
-402.9573 104.479164 232.80325 26 6
-422.31683 111.8611 231.74039 26 6
-441.5512 119.49416 231.07849 26 6
-460.79593 127.340866 230.29678 26 6
-480.1396 135.3738 229.41281 26 6
-499.28458 143.67455 228.58583 26 6
-518.16833 152.26256 227.94444 26 6
-537.1885 161.02081 227.0419 26 6
-555.8121 170.10736 226.06363 26 6
-574.421 179.4076 225.47333 26 6
-593.2619 188.84059 224.56459 26 6
-611.6746 198.61351 223.73001 26 6
-630.1447 208.57083 222.64532 26 6
-648.541 218.75275 221.97778 26 6
-666.73926 229.20035 221.0108 26 6
-684.6888 239.9321 220.11345 26 6
-702.9805 250.73874 219.52075 26 6
-720.64386 261.963 218.57669 26 6
-738.52094 273.30228 217.93396 26 6
-756.21674 284.8977 217.1155 26 6
-773.56165 296.81433 216.04613 26 6
-791.0526 308.8617 215.36641 26 6
20.266397 -138.83458 -485.48474 27 7
25.20037 -158.69812 -547.4706 27 7
30.417349 -178.80878 -609.52515 27 7
35.98234 -198.74048 -671.6078 27 7
41.89838 -218.4886 -733.79224 27 7
48.131447 -238.23071 -795.84796 27 7
54.679928 -257.95624 -858.2639 27 7
61.59381 -277.42374 -920.17 27 7
68.836815 -296.80417 -982.9101 27 7
76.37543 -316.22833 -1045.2318 27 7
84.287346 -335.36368 -1107.5981 27 7
92.503265 -354.48972 -1170.0264 27 7
101.01441 -373.6216 -1232.8147 27 7
109.92203 -392.37915 -1295.7303 27 7
119.142426 -411.07016 -1358.192 27 7
128.61281 -429.8926 -1421.2678 27 7
138.54991 -448.11444 -1484.2635 27 7
148.67929 -466.63306 -1547.4408 27 7
159.20686 -484.77667 -1610.4324 27 7
170.01625 -502.90326 -1673.7037 27 7
181.15787 -520.85065 -1737.1958 27 7
192.6209 -538.645 -1800.7902 27 7
204.41641 -556.2496 -1864.6278 27 7
216.54375 -573.66205 -1928.4498 27 7
228.99507 -590.8982 -1992.427 27 7
241.85799 -607.73193 -2056.5051 27 7
254.9044 -624.7327 -2120.6375 27 7
268.27112 -641.5417 -2185.1792 27 7
282.04523 -657.9494 -2249.4915 27 7
296.0614 -674.3408 -2314.35 27 7
310.4414 -690.42584 -2379.449 27 7
-68.72123 -126.11127 7.8192635 28 7
-76.97749 -144.93556 16.345913 28 7
-84.974945 -163.90866 24.89773 28 7
-92.67175 -183.11218 33.23498 28 7
-100.1505 -202.38347 41.708694 28 7
-107.387276 -221.76457 50.2229 28 7
-114.45246 -241.10315 58.63856 28 7
-121.24927 -260.59354 67.131805 28 7
-127.99031 -279.7686 75.584335 28 7
-134.17097 -299.72693 84.14192 28 7
-140.17868 -319.6223 92.60588 28 7
-145.93112 -339.63162 101.15803 28 7
-151.57126 -359.4121 109.61785 28 7
-156.86487 -379.5064 118.31031 28 7
-161.87396 -399.7703 126.88777 28 7
-166.64789 -420.0795 135.26306 28 7
-171.3006 -440.13367 143.95102 28 7
-175.6102 -460.48874 152.35852 28 7
-179.67113 -480.90057 161.0476 28 7
-183.36873 -501.67593 169.45917 28 7
-186.96077 -522.1082 178.2192 28 7
-190.23895 -542.75885 186.7842 28 7
-193.3046 -563.3367 195.42226 28 7
-196.05882 -584.1211 203.83519 28 7
-198.58836 -604.8516 212.66245 28 7
-200.77527 -625.8818 221.1085 28 7
-202.69568 -646.97925 229.81935 28 7
-204.45639 -667.7896 238.55743 28 7
-205.87743 -688.8833 247.06578 28 7
-207.06444 -709.9087 255.76408 28 7
-207.96794 -731.024 264.37387 28 7
-208.56334 -752.314 273.3227 28 7
-208.9682 -773.34674 281.86472 28 7
-209.00214 -794.7762 290.62347 28 7
-208.80609 -816.0737 299.50812 28 7
-134.21617 66.79149 96.72194 29 7
-152.56796 76.262764 117.691414 29 7
-170.8284 85.862526 139.02058 29 7
-188.89052 95.64471 159.90923 29 7
-207.0002 105.48486 181.03523 29 7
-225.10143 115.41017 202.3769 29 7
-243.03212 125.50335 223.42427 29 7
-260.83493 135.74286 244.54944 29 7
-278.68036 146.03963 265.77997 29 7
-296.557 156.39804 286.9595 29 7
-314.36023 166.87215 307.93994 29 7
-331.91684 177.5542 329.22702 29 7
-349.42877 188.33696 350.26624 29 7
-367.0923 199.1133 371.42932 29 7
-384.58267 210.05759 392.6114 29 7
-401.94543 221.14551 413.87323 29 7
-419.33136 232.29378 434.92654 29 7
-436.66534 243.54271 456.0157 29 7
-453.8495 254.94662 477.674 29 7
-471.03427 266.42084 498.4406 29 7
-488.18176 277.98566 519.64386 29 7
-505.14825 289.7226 541.0599 29 7
-522.18866 301.48526 562.0766 29 7
-538.9748 313.46222 583.3519 29 7
-555.8603 325.44812 604.61835 29 7
-572.5674 337.60413 625.86176 29 7
-589.2807 349.82144 646.8927 29 7
-605.96936 362.11697 668.294 29 7
-622.36237 374.6528 689.5177 29 7
-639.02026 387.0913 710.7827 29 7
-655.2351 399.85983 732.0481 29 7
-671.5962 412.6003 753.3126 29 7
-687.6977 425.56055 774.564 29 7
-703.9664 438.47644 795.6397 29 7
-720.25385 451.4375 817.12573 29 7
-46.54157 -134.87834 265.7657 30 7
-49.494846 -155.47182 311.4111 30 7
-51.66992 -176.21184 357.17136 30 7
-53.089508 -196.95345 403.05273 30 7
-53.62519 -218.11824 449.16553 30 7
-53.414436 -239.11864 495.32104 30 7
-52.36523 -260.25177 541.671 30 7
-50.465504 -281.52655 588.62 30 7
-47.746094 -302.69434 635.3465 30 7
-44.158833 -323.94098 682.52985 30 7
-39.719097 -345.05313 730.3137 30 7
-34.38555 -366.24634 778.0194 30 7
-28.166452 -387.32883 826.2355 30 7
-21.035248 -408.50345 874.6974 30 7
-13.009165 -429.1568 923.4969 30 7
-4.0443707 -449.8714 973.1973 30 7
5.863776 -470.22687 1022.95416 30 7
16.730864 -490.4815 1073.3927 30 7
28.5619 -510.64352 1124.3756 30 7
41.396713 -530.23346 1175.7341 30 7
55.24411 -549.4803 1227.9055 30 7
70.10888 -568.4585 1280.4894 30 7
85.99892 -587.15424 1334.304 30 7
102.9722 -605.2461 1388.6339 30 7
121.0919 -622.52515 1443.8113 30 7
140.25188 -639.6326 1499.9524 30 7
160.60696 -655.8624 1557.3828 30 7
182.1205 -671.46277 1615.7113 30 7
204.81941 -686.36176 1674.9283 30 7
228.76729 -700.3773 1735.7389 30 7
253.98682 -713.477 1797.9307 30 7
280.5212 -725.55975 1862.0465 30 7
308.55035 -736.1991 1927.7732 30 7
337.8938 -745.85706 1995.5935 30 7
368.8631 -753.8197 2065.6323 30 7
-15.035227 -140.67833 -201.90926 31 7
-16.99097 -161.1159 -223.2098 31 7
-19.05872 -181.60886 -244.66476 31 7
-21.250332 -202.04454 -266.0629 31 7
-23.545393 -222.616 -287.56357 31 7
-25.979195 -242.98819 -309.19547 31 7
-28.506056 -263.58862 -330.4402 31 7
-31.196165 -283.76752 -351.815 31 7
-33.951797 -304.41852 -373.3692 31 7
-36.85752 -324.7722 -394.81976 31 7
-39.897633 -344.978 -416.45795 31 7
-43.019035 -365.4937 -437.80438 31 7
-46.266495 -385.92764 -459.4232 31 7
-49.64674 -406.22742 -481.0536 31 7
-53.1435 -426.52948 -502.3391 31 7
-56.774765 -446.69058 -523.74286 31 7
-60.489704 -467.10953 -545.27026 31 7
-64.34217 -487.36215 -566.96954 31 7
-68.284706 -507.80862 -588.41815 31 7
-72.37476 -528.01733 -609.80505 31 7
-76.60122 -548.0794 -631.5124 31 7
-80.91099 -568.37384 -652.78345 31 7
-85.38776 -588.3093 -674.4065 31 7
-89.90148 -608.7836 -695.8132 31 7
-94.58941 -628.85376 -717.2992 31 7
-99.40447 -648.8465 -738.9657 31 7
-104.343376 -668.78534 -760.4442 31 7
-109.34587 -689.0508 -782.11 31 7
-114.49501 -709.1098 -803.7619 31 7
-119.76645 -729.1192 -825.159 31 7
-125.13049 -749.2572 -846.8273 31 7
-130.65446 -769.11926 -868.4938 31 7
-136.2638 -789.1486 -889.99744 31 7
-142.0087 -809.0493 -911.68555 31 7
-147.86963 -828.935 -933.1892 31 7
-47.707863 128.824 -203.73318 32 8
-54.90601 148.09254 -213.68327 32 8
-61.47252 167.80116 -223.38084 32 8
-67.46019 187.78076 -233.26657 32 8
-72.95321 207.76521 -242.96005 32 8
-77.83515 228.0475 -252.788 32 8
-82.08607 248.66399 -262.80438 32 8
-85.863884 269.10156 -272.54138 32 8
-88.964584 289.94873 -282.4857 32 8
-91.46383 310.9421 -292.5554 32 8
-93.34153 332.11398 -302.38226 32 8
-94.64288 353.2612 -312.47934 32 8
-95.33057 374.46362 -322.4279 32 8
-95.34136 395.928 -332.5947 32 8
-94.74418 417.33157 -342.73233 32 8
-93.45499 438.98752 -352.89175 32 8
-91.56852 460.40125 -363.13312 32 8
-88.93774 482.23865 -373.60022 32 8
-85.67454 503.87073 -383.82935 32 8
-81.726814 525.49304 -394.1299 32 8
-77.03482 547.4394 -404.6984 32 8
-71.678215 569.0983 -415.17307 32 8
-65.61447 590.63727 -426.03152 32 8
-58.822414 612.1098 -436.5387 32 8
-51.268932 633.76404 -447.2116 32 8
-42.98665 655.08655 -458.15982 32 8
-33.93013 676.5046 -468.9856 32 8
-24.099113 697.92236 -480.10547 32 8
-13.492051 719.0375 -491.53256 32 8
-2.0888183 739.5957 -502.69727 32 8
10.1284075 760.7043 -513.9753 32 8
23.178932 780.9696 -525.3965 32 8
37.062603 801.3775 -536.9262 32 8
51.815105 821.29407 -548.7315 32 8
67.43483 841.0719 -560.6761 32 8
-117.303955 45.5351 -143.31616 33 8
-137.40659 50.797127 -144.02719 33 8
-157.2306 56.06246 -144.59135 33 8
-177.2434 61.157253 -145.26128 33 8
-197.12486 66.19371 -145.77829 33 8
-217.24008 71.047745 -146.18834 33 8
-237.16731 75.85875 -146.76782 33 8
-257.16983 80.539375 -147.2658 33 8
-277.31662 85.06923 -148.03934 33 8
-297.51935 89.47669 -148.36668 33 8
-317.58957 93.817505 -148.89717 33 8
-337.96423 97.96207 -149.5864 33 8
-358.01474 102.09348 -150.20721 33 8
-378.25955 106.061 -150.45187 33 8
-398.4921 109.923676 -151.30688 33 8
-418.74414 113.672104 -151.64035 33 8
-439.0844 117.2876 -152.3356 33 8
-459.37817 120.806076 -152.9932 33 8
-479.99313 124.13125 -153.41441 33 8
-500.1338 127.46909 -153.80727 33 8
-520.6736 130.5943 -154.48567 33 8
-541.04266 133.65176 -155.09254 33 8
-561.4635 136.58487 -155.70201 33 8
-581.6635 139.459 -156.31335 33 8
-602.58136 142.0498 -156.76425 33 8
-622.97107 144.65402 -157.32118 33 8
-643.48737 147.11572 -157.75027 33 8
-664.10565 149.44131 -158.33469 33 8
-684.553 151.6919 -158.96378 33 8
-705.17505 153.78981 -159.46034 33 8
-725.8931 155.75334 -160.2287 33 8
-746.43726 157.64005 -160.43857 33 8
-767.14667 159.3772 -161.22304 33 8
-787.708 161.03014 -161.78523 33 8
-808.3238 162.5562 -162.32504 33 8
-113.27172 -89.05619 -886.8558 34 9
-129.65298 -101.64095 -985.23346 34 9
-145.78381 -114.607994 -1083.8411 34 9
-161.65445 -127.95269 -1182.5205 34 9
-177.15678 -141.7483 -1281.1975 34 9
-192.2123 -156.04776 -1380.6158 34 9
-206.96371 -170.72563 -1479.5872 34 9
-221.42891 -185.75354 -1579.182 34 9
-235.41078 -201.28467 -1678.6132 34 9
-249.30803 -216.96532 -1778.516 34 9
-262.6232 -233.20972 -1878.6088 34 9
-275.73425 -249.67278 -1978.961 34 9
-288.27524 -266.66904 -2079.7607 34 9
-300.3397 -284.10605 -2180.7131 34 9
-312.06323 -301.84286 -2281.8413 34 9
-323.36343 -319.94125 -2383.5908 34 9
-132.17026 -3.0157685 -475.15417 35 9
-152.67635 0.9748331 -508.38657 35 9
-172.51329 5.338162 -541.4451 35 9
-192.61078 10.066477 -574.6251 35 9
-212.901 15.142644 -607.72125 35 9
-232.6725 20.615032 -640.8203 35 9
-252.60287 26.434124 -674.2595 35 9
-272.27234 32.637638 -707.57916 35 9
-292.06436 39.180653 -740.8514 35 9
-311.6305 46.10441 -774.20575 35 9
-331.17505 53.37997 -807.484 35 9
-350.57352 61.024483 -841.1737 35 9
-369.73007 69.05591 -874.3762 35 9
-389.0344 77.39994 -907.6654 35 9
-408.06613 86.133995 -941.35846 35 9
-426.86908 95.25207 -975.20917 35 9
-445.60986 104.71678 -1008.8919 35 9
-464.16803 114.55345 -1042.5634 35 9
-482.65906 124.7318 -1076.4613 35 9
-500.793 135.32538 -1110.2278 35 9
-519.1449 146.1773 -1144.267 35 9
-536.87225 157.51942 -1178.2766 35 9
-554.7117 169.14099 -1212.3065 35 9
-572.3836 181.11833 -1246.5385 35 9
-589.8377 193.46527 -1280.9084 35 9
-607.1174 206.1658 -1315.2047 35 9
-624.2326 219.21333 -1349.8693 35 9
-641.0598 232.64894 -1384.412 35 9
-657.63617 246.45898 -1419.0446 35 9
-674.1838 260.55624 -1453.7349 35 9
-690.4743 275.02206 -1489.062 35 9
-706.43396 289.8848 -1523.6458 35 9
-722.0199 305.16302 -1558.9087 35 9
-737.6424 320.68015 -1594.4375 35 9
-752.83984 336.62863 -1629.5708 35 9
-78.942375 86.081406 -217.92227 36 9
-90.317055 103.224174 -210.10623 36 9
-101.44481 120.55498 -202.55783 36 9
-112.16567 138.27576 -194.79362 36 9
-122.99302 155.75697 -187.00519 36 9
-133.50235 173.51538 -179.19942 36 9
-143.85219 191.34926 -171.58495 36 9
-153.87105 209.48526 -163.83449 36 9
-163.8799 227.48622 -156.0644 36 9
-173.5847 245.74918 -148.39415 36 9
-183.13948 264.0573 -140.57898 36 9
-192.46812 282.51495 -132.8692 36 9
-201.65184 300.99942 -125.08669 36 9
-210.60619 319.631 -117.30605 36 9
-219.27866 338.4893 -109.81488 36 9
-227.7376 357.46924 -101.88337 36 9
-236.1062 376.37146 -94.08361 36 9
-244.14835 395.5658 -86.27224 36 9
-252.07364 414.71277 -78.66012 36 9
-259.6854 434.13013 -70.71907 36 9
-267.1835 453.4828 -63.102043 36 9
-274.46603 472.93484 -55.24116 36 9
-281.45404 492.6208 -47.619312 36 9
-288.27866 512.31 -39.676044 36 9
-294.88852 532.08685 -31.837936 36 9
-301.17093 552.1536 -23.958872 36 9
-307.31348 572.1664 -16.22706 36 9
-313.31204 592.1218 -8.341056 36 9
-319.0136 612.3028 -0.69295454 36 9
-324.4848 632.5816 7.318947 36 9
-329.7562 652.89404 15.1881895 36 9
-334.73782 673.41425 22.961853 36 9
-339.46286 694.07605 31.017553 36 9
-344.11646 714.4933 38.834263 36 9
-348.5245 735.0132 46.796406 36 9
2.4211833 110.26811 -229.76692 37 9
1.7438171 130.70003 -224.06757 37 9
0.6254407 151.47404 -218.30757 37 9
-0.92828095 171.99141 -212.5861 37 9
-2.9192724 192.63965 -206.64644 37 9
-5.34505 213.36935 -200.88138 37 9
-8.217952 233.7542 -194.93802 37 9
-11.526994 254.25775 -189.00122 37 9
-15.271342 274.81665 -183.2306 37 9
-19.463108 295.2053 -177.19652 37 9
-24.099537 315.51135 -171.43999 37 9
-29.159122 335.99338 -165.4846 37 9
-34.68319 356.14954 -159.92166 37 9
-40.65673 376.1932 -153.71754 37 9
-47.06033 396.29608 -147.78008 37 9
-53.93538 416.10098 -141.86342 37 9
-61.190147 436.30646 -135.67245 37 9
-68.964554 455.87683 -129.89116 37 9
-77.15521 475.55255 -123.883 37 9
-85.82959 494.8989 -117.76092 37 9
-94.907974 514.38116 -111.90852 37 9
-104.48516 533.4653 -105.80675 37 9
-114.50646 552.4528 -99.89962 37 9
-124.94111 571.472 -93.620125 37 9
-135.85638 590.1972 -87.57635 37 9
-147.20232 608.84827 -81.44744 37 9
-158.98244 627.3918 -75.41628 37 9
-171.29294 645.4495 -69.01116 37 9
-184.07884 663.2512 -62.89765 37 9
-197.2265 681.19006 -56.79352 37 9
-210.90088 698.6708 -50.462692 37 9
-225.03218 715.9364 -43.991833 37 9
-239.6476 732.895 -37.85945 37 9
-254.67293 749.76495 -31.377428 37 9
-270.18195 766.3115 -25.058077 37 9
119.79137 -61.672207 -341.16788 38 9
139.38959 -67.96226 -352.79547 38 9
158.88512 -74.214676 -364.83698 38 9
178.8051 -80.18559 -376.55518 38 9
198.54852 -86.15418 -388.25204 38 9
217.9328 -92.18788 -400.2861 38 9
237.8422 -97.90978 -411.91653 38 9
257.5167 -103.640564 -423.8108 38 9
277.5626 -109.13419 -435.8022 38 9
297.58072 -114.55251 -447.4001 38 9
317.39352 -119.96073 -459.25183 38 9
337.3075 -125.23972 -471.10672 38 9
357.25864 -130.41408 -482.95413 38 9
377.11066 -135.53261 -494.66467 38 9
397.1094 -140.50598 -506.50867 38 9
417.04773 -145.40807 -518.33966 38 9
437.1362 -150.16498 -530.2952 38 9
457.2107 -154.83383 -541.88934 38 9
477.49408 -159.33939 -553.9046 38 9
497.59088 -163.81407 -565.7208 38 9
517.81616 -168.15239 -577.70483 38 9
537.8701 -172.4515 -589.34674 38 9
558.06274 -176.61063 -601.1534 38 9
578.4106 -180.62575 -613.0779 38 9
598.62427 -184.58737 -624.8758 38 9
618.9541 -188.41719 -636.94495 38 9
639.5073 -192.08377 -648.7938 38 9
659.79205 -195.73512 -660.3941 38 9
680.10034 -199.28207 -672.1717 38 9
700.2007 -202.79141 -684.4119 38 9
720.7523 -206.07198 -696.10034 38 9
741.03925 -209.33026 -707.90814 38 9
761.5814 -212.41798 -719.8223 38 9
782.11926 -215.40884 -731.77814 38 9
802.654 -218.30202 -743.37067 38 9
-131.1078 -71.90219 -262.99594 39 10
-150.44148 -79.727844 -268.97937 39 10
-169.94287 -86.99033 -274.83575 39 10
-189.78107 -93.58134 -281.04828 39 10
-209.65102 -99.63075 -287.09653 39 10
-230.16022 -104.83027 -293.02463 39 10
-250.5479 -109.51634 -299.23245 39 10
-271.0806 -113.53914 -305.49948 39 10
-292.20294 -116.69867 -311.44275 39 10
-313.39038 -119.19819 -317.783 39 10
-334.72296 -120.98347 -323.8891 39 10
-356.0855 -122.07409 -330.1804 39 10
-377.63342 -122.39413 -336.49982 39 10
-399.70032 -121.8258 -342.53473 39 10
-421.36993 -120.63507 -348.97375 39 10
-443.2072 -118.62356 -355.5323 39 10
-465.05435 -115.81594 -362.01663 39 10
-487.4171 -112.07315 -368.32425 39 10
-509.10904 -107.652504 -374.5823 39 10
-531.3542 -102.2589 -381.35825 39 10
-553.3689 -96.03879 -388.0247 39 10
-575.4789 -88.90874 -394.93442 39 10
-597.3322 -80.902664 -401.4343 39 10
-619.13947 -71.963005 -408.3761 39 10
-640.7981 -62.079556 -415.363 39 10
-662.32947 -51.225433 -422.33768 39 10
-683.81885 -39.372658 -429.36505 39 10
-704.89844 -26.518074 -436.7681 39 10
-725.9878 -12.616286 -444.0902 39 10
-746.6896 2.3454962 -451.29147 39 10
-766.6753 18.40995 -458.81256 39 10
-786.7081 35.59727 -466.48502 39 10
-806.1547 53.954643 -474.11002 39 10
-825.2506 73.50544 -482.21533 39 10
-843.89197 94.288506 -490.19083 39 10
-90.0758 109.24934 -382.2754 40 10
-102.58131 125.60345 -406.06845 40 10
-115.08122 142.06624 -430.07867 40 10
-128.10689 157.97992 -454.22104 40 10
-141.10394 174.02454 -478.13037 40 10
-154.3106 189.90233 -502.10928 40 10
-167.6495 205.70425 -525.9716 40 10
-181.39629 221.08948 -549.9371 40 10
-195.26709 236.40262 -573.9105 40 10
-209.32422 251.56367 -598.1426 40 10
-223.53575 266.60703 -622.0336 40 10
-237.97809 281.43768 -646.06195 40 10
-252.5346 296.18994 -670.0721 40 10
-267.61462 310.38257 -694.0699 40 10
-282.48862 324.8621 -718.19025 40 10
-297.57642 339.13376 -742.50525 40 10
-312.90558 353.16382 -766.48926 40 10
-328.48416 366.94168 -790.8199 40 10
-344.21237 380.57623 -814.77875 40 10
-360.22147 393.9194 -838.91675 40 10
-376.31613 407.18234 -863.4013 40 10
-392.64755 420.1965 -887.39996 40 10
-409.15076 433.02908 -911.8574 40 10
-425.93976 445.557 -935.94885 40 10
-442.65784 458.1499 -960.3679 40 10
-459.5834 470.5106 -984.7606 40 10
-476.7597 482.59302 -1009.1417 40 10
-494.074 494.50912 -1033.6299 40 10
-511.63492 506.1468 -1058.117 40 10
-529.27496 517.6689 -1082.4275 40 10
-547.0289 529.03516 -1106.8558 40 10
-565.12897 540.0184 -1131.5409 40 10
-583.26276 550.9161 -1156.1262 40 10
-601.4839 561.6702 -1180.8318 40 10
-620.22565 571.8752 -1205.4241 40 10
-117.32265 -91.85107 -81.28682 41 10
-131.15668 -107.3218 -60.11996 41 10
-144.60654 -123.20221 -38.637363 41 10
-157.34482 -139.74031 -16.92209 41 10
-169.61281 -156.70229 4.5162735 41 10
-181.21007 -174.2409 26.113781 41 10
-192.22244 -192.24957 47.960686 41 10
-202.81421 -210.52379 69.75302 41 10
-212.54239 -229.48381 91.78757 41 10
-221.70403 -248.78893 113.83734 41 10
-230.13988 -268.57587 136.2086 41 10
-237.84634 -288.81622 158.24904 41 10
-244.90695 -309.3676 180.87706 41 10
-251.20349 -330.3303 203.47075 41 10
-256.63928 -351.79333 226.3465 41 10
-261.3709 -373.4997 249.17854 41 10
-265.20502 -395.66943 272.50742 41 10
-268.32443 -417.977 295.68127 41 10
-270.45444 -440.7828 319.24194 41 10
-271.7346 -463.80945 343.16904 41 10
-271.9783 -487.30847 367.02457 41 10
-271.5405 -510.56393 391.48404 41 10
-269.80396 -534.6332 416.0822 41 10
-267.3225 -558.3604 440.75912 41 10
-263.5599 -582.7293 466.10165 41 10
-258.7949 -607.0515 491.80774 41 10
-252.889 -631.4995 517.50104 41 10
-245.77245 -656.10675 544.0913 41 10
-237.42441 -680.77167 570.81647 41 10
-227.81177 -705.39246 598.15027 41 10
-216.80635 -730.1434 626.21985 41 10
-204.36903 -754.92584 654.64954 41 10
-190.54042 -779.25793 683.6092 41 10
-175.06776 -803.7481 713.5058 41 10
-157.97133 -827.8842 744.0408 41 10
-106.784164 -103.02492 -61.696728 42 10
-119.47093 -119.3582 -37.33141 42 10
-132.08206 -135.7159 -12.9051485 42 10
-144.23355 -152.46706 11.360352 42 10
-156.03496 -169.48936 35.67878 42 10
-167.27316 -187.00696 60.02445 42 10
-178.4273 -204.47488 84.616295 42 10
-189.03401 -222.399 109.064705 42 10
-199.3512 -240.46945 133.76303 42 10
-209.06015 -259.0581 158.28702 42 10
-218.48175 -277.76337 182.78152 42 10
-227.55278 -296.64233 207.62997 42 10
-236.08551 -315.92557 232.35544 42 10
-244.29935 -335.30957 257.37018 42 10
-251.89346 -355.19168 282.07553 42 10
-259.26373 -375.00482 307.01254 42 10
-266.156 -395.08606 332.1276 42 10
-272.59225 -415.38895 357.11823 42 10
-278.62784 -435.81018 382.49393 42 10
-284.09244 -456.59827 407.76538 42 10
-288.9807 -477.75742 432.87122 42 10
-293.5217 -498.89404 458.5061 42 10
-297.72858 -519.94684 484.2195 42 10
-301.1927 -541.60675 509.65628 42 10
-304.207 -563.34845 535.59863 42 10
-306.80933 -585.06934 561.15625 42 10
-308.7055 -607.3075 587.1355 42 10
-310.2274 -629.39984 613.498 42 10
-311.26364 -651.5253 639.84827 42 10
-311.6021 -674.1056 666.0619 42 10
-311.49692 -696.5771 692.5078 42 10
-310.7579 -719.326 719.3761 42 10
-309.57068 -741.8934 746.30164 42 10
-307.72302 -764.7419 773.3203 42 10
-305.30392 -787.62787 800.5236 42 10
-113.385864 10.976437 -69.828926 43 11
-133.82945 8.30128 -63.257137 43 11
-153.99983 5.4694476 -56.831337 43 11
-174.36847 2.458308 -50.207672 43 11
-194.73207 -0.7182219 -43.70969 43 11
-214.88487 -4.0630736 -37.33501 43 11
-235.59438 -7.5589857 -30.755445 43 11
-255.715 -11.234822 -24.440548 43 11
-276.0456 -15.066285 -17.809278 43 11
-296.14145 -19.074455 -11.431276 43 11
-316.34387 -23.2399 -4.923219 43 11
-336.59338 -27.563648 1.6346077 43 11
-356.50235 -32.078556 8.111534 43 11
-376.8821 -36.712513 14.578008 43 11
-397.05145 -41.52552 21.339436 43 11
-416.93115 -46.530174 27.451542 43 11
-436.98608 -51.67649 33.86048 43 11
-456.69843 -57.024677 40.604126 43 11
-476.86566 -62.47585 47.048367 43 11
-496.72687 -68.12499 53.675335 43 11
-516.68286 -73.91944 59.93385 43 11
-536.6285 -79.87226 66.516884 43 11
-556.0983 -86.05475 73.011444 43 11
-575.98334 -92.331215 79.431366 43 11
-595.73236 -98.78513 86.08275 43 11
-615.32684 -105.421005 92.67553 43 11
-635.0674 -112.18724 99.120346 43 11
-654.51196 -119.16097 105.71903 43 11
-674.1496 -126.25432 112.406525 43 11
-693.5093 -133.55388 118.73804 43 11
-713.00946 -140.98026 125.445885 43 11
-732.5713 -148.54619 131.7689 43 11
-751.819 -156.32785 138.1339 43 11
-770.9452 -164.2879 144.86198 43 11
-790.0067 -172.41469 151.48029 43 11
58.19352 -90.836075 -100.80325 44 11
65.618774 -110.11519 -99.655716 44 11
72.96936 -129.37119 -98.38032 44 11
80.20729 -148.6587 -97.248955 44 11
87.29511 -168.04593 -95.90169 44 11
94.245445 -187.51158 -94.55554 44 11
101.18871 -206.78983 -93.1966 44 11
107.96313 -226.19968 -92.13562 44 11
114.619606 -245.63814 -90.605995 44 11
121.02341 -265.39868 -89.408295 44 11
127.37925 -285.03958 -88.20057 44 11
133.56789 -304.82098 -87.01677 44 11
139.76532 -324.3386 -85.683716 44 11
145.80673 -343.96375 -84.366234 44 11
151.6592 -363.778 -83.150314 44 11
157.36877 -383.67526 -81.73721 44 11
162.98122 -403.54285 -80.53625 44 11
168.52759 -423.29813 -79.106674 44 11
173.8217 -443.40775 -77.9708 44 11
179.11479 -463.23453 -76.51004 44 11
184.19284 -483.32465 -75.23565 44 11
189.19955 -503.30417 -74.249535 44 11
194.03596 -523.4325 -72.73988 44 11
198.75029 -543.58105 -71.60985 44 11
203.3682 -563.67676 -70.19423 44 11
207.85324 -583.81696 -68.92887 44 11
212.10612 -604.2835 -67.69165 44 11
216.33847 -624.47614 -66.54124 44 11
220.43562 -644.7162 -65.029594 44 11
224.37918 -665.05743 -63.737816 44 11
228.22806 -685.3243 -62.54954 44 11
231.88998 -705.7919 -61.032043 44 11
235.41476 -726.3121 -59.95741 44 11
238.81793 -746.8355 -58.5652 44 11
242.18056 -767.1029 -57.194 44 11
-10.105887 -98.91428 -138.75374 45 11
-11.073658 -119.44536 -143.7256 45 11
-11.314203 -140.24149 -148.66031 45 11
-10.839832 -161.13797 -153.58965 45 11
-9.656554 -181.957 -158.7323 45 11
-7.751534 -202.76735 -163.9645 45 11
-5.119554 -223.51898 -168.88794 45 11
-1.7521435 -244.3236 -174.18158 45 11
2.354497 -264.89493 -179.12675 45 11
7.199125 -285.83655 -184.15009 45 11
12.8007145 -306.28793 -189.42339 45 11
19.14622 -326.89093 -194.50433 45 11
26.256153 -347.25534 -199.74142 45 11
34.13237 -367.46356 -205.15205 45 11
42.79149 -387.40063 -210.2353 45 11
52.216614 -407.26538 -215.638 45 11
62.413834 -426.9917 -220.92746 45 11
73.44074 -446.2186 -226.18614 45 11
85.26318 -465.22253 -231.64374 45 11
97.83565 -484.22583 -237.25516 45 11
111.24743 -502.75488 -242.52524 45 11
125.52421 -520.74304 -248.24846 45 11
140.63728 -538.3449 -253.8496 45 11
156.53784 -555.73456 -259.32764 45 11
173.24568 -572.80206 -265.29907 45 11
190.8327 -589.29474 -271.059 45 11
209.3882 -604.9633 -276.94116 45 11
228.71611 -620.3849 -283.01352 45 11
248.95753 -635.1318 -288.96838 45 11
270.15662 -649.0942 -295.0646 45 11
292.17593 -662.5879 -301.33542 45 11
315.21445 -675.1274 -307.5836 45 11
339.09607 -687.07605 -314.0222 45 11
364.10565 -697.82336 -320.72983 45 11
389.96915 -707.8834 -327.31503 45 11
19.227554 -100.20917 315.21228 46 11
21.365053 -120.53477 385.45792 46 11
23.63729 -141.10092 455.91623 46 11
26.111303 -161.52986 526.1362 46 11
28.748991 -182.04791 596.3854 46 11
31.57134 -202.52348 666.75604 46 11
34.596874 -222.83327 737.0498 46 11
37.781857 -243.25652 807.701 46 11
41.183838 -263.42218 877.92456 46 11
44.71313 -283.9036 948.34924 46 11
48.41365 -304.41364 1018.9921 46 11
52.36639 -324.44556 1089.0353 46 11
56.454094 -344.73242 1159.8251 46 11
60.734314 -364.9145 1230.3143 46 11
65.21261 -384.961 1301.0457 46 11
69.804 -405.36914 1371.4795 46 11
74.6437 -425.34592 1442.0791 46 11
79.6491 -445.37314 1512.6693 46 11
84.78775 -465.62302 1583.2853 46 11
90.171906 -485.47488 1653.745 46 11
95.68618 -505.557 1724.9006 46 11
101.4053 -525.4655 1795.3707 46 11
107.33943 -545.1548 1866.3068 46 11
113.410904 -565.0206 1937.232 46 11
119.68271 -584.74133 2008.0964 46 11
126.0562 -604.7941 2078.9895 46 11
132.6919 -624.40106 2149.9668 46 11
139.50676 -643.96606 2220.8623 46 11
146.43098 -663.80396 2291.9841 46 11
153.58711 -683.35034 2362.8494 46 11
-21.057806 143.59294 -234.93991 47 11
-23.921347 164.26875 -256.1309 47 11
-26.148731 184.80698 -277.15152 47 11
-27.69121 205.48128 -298.24997 47 11
-28.527227 226.40067 -319.37848 47 11
-28.686121 247.2808 -340.29556 47 11
-28.126974 268.40338 -361.85135 47 11
-26.873707 289.4968 -383.3356 47 11
-24.92848 310.4086 -404.74686 47 11
-22.257418 331.40997 -426.37885 47 11
-18.859383 352.4407 -447.97864 47 11
-14.726712 373.5476 -469.824 47 11
-9.866258 394.34528 -491.35974 47 11
-4.256225 415.13275 -513.4523 47 11
2.107369 436.06174 -535.2909 47 11
9.233054 456.54135 -557.73834 47 11
17.127783 477.01572 -580.3296 47 11
25.79294 497.4793 -602.5158 47 11
35.240284 517.75885 -625.195 47 11
45.479397 537.82477 -648.0945 47 11
56.51953 557.6572 -671.1562 47 11
68.38972 577.0695 -694.4571 47 11
81.06758 596.3379 -717.6889 47 11
94.56637 615.37103 -741.468 47 11
108.931046 633.9198 -765.29114 47 11
124.115074 652.30225 -789.43304 47 11
140.14928 670.3438 -813.87836 47 11
157.11424 687.69934 -838.56726 47 11
174.95525 704.6683 -863.63416 47 11
193.7105 721.10645 -888.9729 47 11
213.37852 737.03723 -914.6207 47 11
233.92857 752.5615 -940.6119 47 11
255.53761 767.1178 -967.2676 47 11
277.99704 781.35834 -994.37036 47 11
301.51382 794.6689 -1021.5878 47 11
-26.19778 -128.01349 55.382248 48 12
-32.75835 -147.38934 61.448925 48 12
-39.421165 -166.86122 67.886536 48 12
-46.177372 -186.43895 74.11224 48 12
-53.13801 -205.67319 80.19993 48 12
-60.143944 -225.19011 86.442474 48 12
-67.360176 -244.35867 92.81592 48 12
-74.6085 -263.8324 98.93048 48 12
-82.08874 -282.89505 105.062836 48 12
-89.67262 -302.00278 111.450325 48 12
-97.36321 -321.13794 117.746826 48 12
-105.153366 -340.31784 124.23594 48 12
-113.10058 -359.35358 130.47443 48 12
-121.26973 -378.0465 136.71461 48 12
-129.39682 -397.2204 142.94751 48 12
-137.68423 -416.2369 148.95065 48 12
-146.16763 -434.994 155.42523 48 12
-154.82043 -453.57758 161.7825 48 12
-163.46924 -472.49268 167.80222 48 12
-172.32494 -491.12106 174.11754 48 12
-181.29622 -509.72775 180.41685 48 12
-190.42607 -528.191 186.89345 48 12
-199.55133 -546.96 193.01038 48 12
-208.99191 -565.1546 199.26567 48 12
-218.47362 -583.5253 205.60687 48 12
-228.02554 -601.98584 211.76968 48 12
-237.7523 -620.25684 218.15186 48 12
-247.6012 -638.47754 224.42494 48 12
-257.6189 -656.52765 230.65358 48 12
-267.63907 -674.829 237.02356 48 12
-277.91818 -692.73065 243.29192 48 12
-288.24503 -710.7635 249.48148 48 12
-298.73642 -728.6352 255.9391 48 12
-309.3111 -746.5438 262.04044 48 12
-320.04782 -764.297 268.49496 48 12
-82.71458 -93.83615 160.81061 49 12
-98.684746 -106.958206 183.01718 49 12
-114.74228 -119.970894 205.23839 49 12
-131.37369 -132.34332 227.70929 49 12
-148.09282 -144.564 250.04082 49 12
-165.31607 -156.2053 272.3796 49 12
-182.93733 -167.3695 294.61453 49 12
-200.34744 -178.59372 317.2934 49 12
-218.53131 -188.97464 339.90994 49 12
-236.94644 -198.99228 362.4205 49 12
-255.5691 -208.64954 384.94574 49 12
-274.3737 -217.94951 407.54306 49 12
-293.53784 -226.7367 430.33682 49 12
-313.05786 -235.00778 453.04587 49 12
-332.62555 -242.9814 475.87735 49 12
-352.6424 -250.34744 498.81158 49 12
-372.7565 -257.3486 521.723 49 12
-393.1795 -263.8219 544.8198 49 12
-413.76553 -269.8542 567.97565 49 12
-434.71 -275.30548 591.13806 49 12
-455.86148 -280.26376 614.5779 49 12
-477.0827 -284.7977 638.06964 49 12
-498.3831 -288.88156 661.6419 49 12
-520.2079 -292.24564 685.2061 49 12
-541.9663 -295.21588 709.13043 49 12
-563.9263 -297.62448 732.76855 49 12
-586.1841 -299.40988 756.9454 49 12
-608.472 -300.69708 780.9126 49 12
-631.0412 -301.3455 805.14404 49 12
-653.7145 -301.4289 829.73883 49 12
-676.52515 -300.9159 853.88086 49 12
-699.45917 -299.79773 878.75226 49 12
-722.36774 -298.1205 903.71216 49 12
-745.59283 -295.72614 928.7977 49 12
-768.6841 -292.78033 953.9592 49 12
-140.74951 22.710056 270.44827 50 13
-161.04224 25.566332 273.7699 50 13
-181.54312 28.241179 277.09964 50 13
-201.80602 30.804106 280.342 50 13
-222.37251 33.17141 283.74146 50 13
-242.95284 35.38791 287.0322 50 13
-263.32962 37.484207 290.32477 50 13
-283.9505 39.395523 293.70215 50 13
-304.252 41.200203 296.97794 50 13
-324.8248 42.816547 300.31558 50 13
-345.473 44.272118 303.60532 50 13
-366.12747 45.575874 306.761 50 13
-386.49545 46.762848 310.23666 50 13
-407.24704 47.75094 313.608 50 13
-427.9755 48.590115 316.7361 50 13
-448.60034 49.288563 320.11145 50 13
-469.553 49.798943 323.58328 50 13
-490.07254 50.2025 326.71707 50 13
-510.54822 50.455605 330.08292 50 13
-531.29736 50.52724 333.48782 50 13
-552.0596 50.443897 336.79846 50 13
-572.6848 50.21855 339.9448 50 13
-593.36957 49.832855 343.31403 50 13
-614.23987 49.277054 346.68738 50 13
-634.8667 48.585754 350.01065 50 13
-655.5206 47.736263 353.2955 50 13
-676.25305 46.72506 356.8108 50 13
-697.06433 45.552746 360.2136 50 13
-717.62024 44.240555 363.41193 50 13
-738.467 42.753773 367.04276 50 13
-759.05927 41.124973 370.20145 50 13
-780.1133 39.31498 373.24097 50 13
-800.4218 37.38515 376.7975 50 13
-820.998 35.28342 380.16492 50 13
-841.94403 33.008617 383.4298 50 13
-46.492756 134.95212 366.0784 51 14
-51.339523 155.01208 420.51132 51 14
-56.00507 175.21321 475.01303 51 14
-60.58504 195.25478 529.5393 51 14
-65.02896 215.28398 583.93475 51 14
-69.30237 235.41287 638.4929 51 14
-73.424126 255.57957 693.1707 51 14
-77.367874 275.8767 747.48975 51 14
-81.15454 296.23294 802.4811 51 14
-84.825485 316.4939 856.80786 51 14
-88.345345 336.78375 911.57806 51 14
-91.68284 357.22247 965.9088 51 14
-94.91247 377.51968 1020.6094 51 14
-97.97183 397.91583 1075.1493 51 14
-100.84973 418.46014 1129.7699 51 14
-103.62745 438.81406 1184.5725 51 14
-106.250656 459.1967 1239.357 51 14
-108.673546 479.80862 1293.9045 51 14
-110.914764 500.5769 1348.6382 51 14
-113.09766 520.9398 1403.2794 51 14
-115.10703 541.40924 1458.1001 51 14
-116.88442 562.26996 1513.0101 51 14
-118.58024 582.8052 1567.6647 51 14
-120.09655 603.4814 1622.5719 51 14
-121.475716 624.08704 1677.3229 51 14
-122.70511 644.68 1732.3596 51 14
-123.75572 665.41205 1786.9427 51 14
-124.656044 686.1325 1841.9426 51 14
-125.378716 706.9914 1896.8889 51 14
-125.95227 727.83044 1952.0367 51 14
-126.37145 748.6757 2006.7484 51 14
-126.654854 769.4112 2061.7212 51 14
-126.79688 790.0595 2117.014 51 14
-126.7458 810.9412 2172.139 51 14
-126.53955 831.8225 2227.1416 51 14
74.96409 -113.36001 18.968302 52 14
87.57174 -129.70538 22.651241 52 14
100.43965 -145.7328 26.464607 52 14
113.2618 -161.89156 30.106575 52 14
126.276405 -177.83585 33.823265 52 14
139.4217 -193.65643 37.45123 52 14
152.4726 -209.6635 41.305347 52 14
165.85463 -225.2688 44.73918 52 14
179.0214 -241.2172 48.419807 52 14
192.50899 -256.78088 52.335926 52 14
206.17188 -272.16 56.149094 52 14
219.78577 -287.65018 59.635685 52 14
233.48036 -303.07727 63.47236 52 14
247.3606 -318.30502 67.111496 52 14
261.15363 -333.68396 70.8654 52 14
275.1705 -348.81375 74.65658 52 14
289.4556 -363.64163 78.31792 52 14
303.53876 -378.75867 82.25157 52 14
317.76718 -393.7256 85.89661 52 14
332.14325 -408.54025 89.397224 52 14
346.56088 -423.33292 93.33301 52 14
360.97806 -438.15244 97.15381 52 14
375.68823 -452.6424 100.60698 52 14
390.5187 -467.01358 104.43771 52 14
405.35977 -481.39627 108.10991 52 14
420.17746 -495.82782 111.6785 52 14
435.27176 -509.9532 115.52708 52 14
450.37894 -524.083 119.3695 52 14
465.53308 -538.1753 123.12806 52 14
480.71902 -552.2458 126.79224 52 14
496.06876 -566.1417 130.66731 52 14
511.5472 -579.9039 134.05965 52 14
526.94666 -593.7663 137.94531 52 14
542.5412 -607.41785 141.76555 52 14
558.3054 -620.88837 145.46078 52 14
130.28697 17.908512 79.25471 53 14
150.3581 22.116697 91.95259 53 14
170.46242 26.684502 104.53614 53 14
190.5678 31.613207 117.062256 53 14
210.58502 36.915085 129.73233 53 14
230.55777 42.581017 142.10825 53 14
250.2676 48.65096 154.81516 53 14
269.98044 55.074245 167.615 53 14
289.6963 61.84659 180.14934 53 14
309.02353 69.05087 192.95836 53 14
328.75195 76.509766 205.54843 53 14
347.86334 84.45377 218.26218 53 14
367.05292 92.72028 230.87302 53 14
386.0723 101.366776 243.79843 53 14
404.9862 110.375046 256.48755 53 14
423.79993 119.74083 269.2335 53 14
442.50195 129.46431 281.97406 53 14
460.99985 139.57037 294.8732 53 14
479.43814 150.01326 307.76797 53 14
497.45337 160.90526 320.73132 53 14
515.4387 172.12094 333.5429 53 14
533.33356 183.67442 346.51477 53 14
550.9162 195.63927 359.35855 53 14
568.44196 207.92368 372.5847 53 14
585.62396 220.6288 385.6675 53 14
602.91156 233.58266 398.68488 53 14
619.7742 246.98373 411.7839 53 14
636.24115 260.82425 424.89417 53 14
652.88104 274.8679 438.15262 53 14
669.1325 289.34082 451.46542 53 14
685.0948 304.20114 464.7768 53 14
700.7007 319.4779 478.24164 53 14
716.5326 334.89935 491.30588 53 14
731.7192 350.86255 504.96594 53 14
746.7009 367.161 518.46936 53 14
130.27415 74.192635 341.5894 54 15
147.80011 85.05309 370.95798 54 15
165.18196 96.08371 400.2333 54 15
182.44011 107.27273 429.77878 54 15
199.68762 118.55285 459.02643 54 15
216.75812 130.02162 488.63495 54 15
233.80098 141.58932 517.777 54 15
251.0715 153.09825 547.47797 54 15
267.69507 165.08102 576.91046 54 15
284.77762 176.85863 606.35046 54 15
301.30286 189.05844 635.899 54 15
318.1118 201.15517 665.55597 54 15
334.469 213.61111 694.6962 54 15
351.0722 225.9821 724.2896 54 15
367.22827 238.71178 754.0337 54 15
383.6121 251.36295 783.4423 54 15
399.9044 264.1403 812.90265 54 15
415.98727 277.12137 842.3137 54 15
431.9542 290.24432 871.681 54 15
447.88007 303.45782 901.3345 54 15
463.67056 316.82434 931.07336 54 15
479.17752 330.44577 960.562 54 15
494.8839 343.9886 989.9546 54 15
510.33813 357.76315 1019.7765 54 15
525.92096 371.50208 1049.3152 54 15
541.14795 385.54547 1078.8666 54 15
556.35834 399.65314 1108.4875 54 15
571.3852 413.94342 1138.0374 54 15
586.4944 428.2226 1167.8063 54 15
601.2485 442.8084 1197.5009 54 15
616.065 457.39432 1227.2893 54 15
630.90515 472.0054 1257.0685 54 15
645.3286 486.97034 1286.5387 54 15
659.93555 501.83725 1316.5308 54 15
674.14526 517.045 1346.227 54 15
-116.14664 -50.485054 152.26959 55 15
-134.98337 -59.030056 153.37405 55 15
-153.54942 -67.7767 154.73431 55 15
-172.1846 -76.575676 155.8015 55 15
-190.73878 -85.49274 157.16895 55 15
-209.24002 -94.515175 158.23958 55 15
-227.79025 -103.59626 159.60454 55 15
-246.05345 -112.88873 160.80049 55 15
-264.57742 -122.14155 161.79611 55 15
-282.7215 -131.64932 163.20566 55 15
-301.0799 -141.13649 164.30287 55 15
-319.3432 -150.74605 165.65341 55 15
-337.58148 -160.44476 166.8995 55 15
-355.62555 -170.31302 168.21129 55 15
-373.59055 -180.29631 169.3422 55 15
-391.71072 -190.28075 170.46138 55 15
-409.6961 -200.40569 171.69933 55 15
-427.48642 -210.70125 173.11942 55 15
-445.37112 -221.02492 174.20609 55 15
-463.3034 -231.3981 175.55692 55 15
-480.99582 -241.96399 176.8195 55 15
-498.79868 -252.54665 177.89299 55 15
-516.23303 -263.3882 179.06189 55 15
-534.0768 -274.09207 180.34618 55 15
-551.4005 -285.1335 181.47412 55 15
-568.91296 -296.14804 182.60556 55 15
-586.4168 -307.23608 184.2027 55 15
-603.6554 -318.5321 185.25998 55 15
-620.8857 -329.9014 186.57466 55 15
-638.36316 -341.20645 187.76286 55 15
-655.37195 -352.82886 189.03606 55 15
-672.43854 -364.48737 190.17825 55 15
-689.5123 -376.20782 191.36958 55 15
-706.54596 -388.0151 192.76492 55 15
-723.29877 -400.0416 193.93697 55 15
128.30156 60.14367 190.46475 56 16
147.77592 66.95966 204.97873 56 16
167.06476 73.640755 219.83601 56 16
186.77939 79.91273 234.49129 56 16
206.50981 85.95608 249.27214 56 16
226.50302 91.6659 264.10367 56 16
246.27853 97.23497 278.89026 56 16
266.33746 102.459015 293.73315 56 16
286.31815 107.477425 308.43167 56 16
306.49567 112.1829 323.2784 56 16
326.7021 116.63647 338.1551 56 16
347.2427 120.72851 353.25507 56 16
367.50208 124.672516 367.74866 56 16
387.92773 128.30925 382.88052 56 16
408.40363 131.67656 397.796 56 16
428.9214 134.77458 412.6533 56 16
449.65457 137.5477 427.45242 56 16
470.29324 140.08992 442.36798 56 16
491.14862 142.30534 457.307 56 16
511.90085 144.28592 472.058 56 16
532.8239 145.95091 487.2808 56 16
553.69135 147.36142 502.2346 56 16
574.56696 148.49654 517.24854 56 16
595.41235 149.36308 532.1049 56 16
616.7059 149.84117 547.366 56 16
637.5851 150.14125 562.5078 56 16
658.8691 150.06442 577.6156 56 16
679.8683 149.76912 592.70074 56 16
701.2861 149.09657 607.8545 56 16
722.1225 148.2589 622.9871 56 16
743.4541 147.02762 638.1362 56 16
764.4897 145.562 653.5351 56 16
786.00684 143.71086 668.5832 56 16
807.1365 141.63516 684.03705 56 16
828.40607 139.2354 699.1385 56 16
134.06546 43.17611 179.13252 57 16
153.96555 48.149597 192.07213 57 16
174.14828 52.929718 205.41028 57 16
194.0496 57.689587 218.45842 57 16
214.1911 62.27089 231.80052 57 16
234.22635 66.776054 244.82648 57 16
254.51399 71.10224 258.03415 57 16
274.39117 75.434685 271.07703 57 16
294.6443 79.55453 284.32614 57 16
315.0271 83.53176 297.39258 57 16
335.13467 87.473114 310.66534 57 16
355.33987 91.278694 323.83414 57 16
375.71964 94.92974 336.93903 57 16
396.04956 98.48359 350.1264 57 16
416.39517 101.92306 363.36768 57 16
436.62973 105.27833 376.4231 57 16
457.07938 108.47025 389.7741 57 16
477.51654 111.55387 402.602 57 16
497.83484 114.55301 415.8995 57 16
518.38794 117.38582 429.19446 57 16
538.7924 120.139786 442.32443 57 16
559.4053 122.734535 455.51785 57 16
579.97974 125.225075 468.64398 57 16
600.49414 127.61514 482.058 57 16
620.8129 129.93205 495.13586 57 16
641.5387 132.04933 508.31 57 16
662.1824 134.0697 521.3319 57 16
682.58014 136.02455 534.7016 57 16
703.0878 137.84132 547.9696 57 16
723.7857 139.50522 561.1086 57 16
744.3769 141.07394 574.2007 57 16
765.27655 142.46877 587.46765 57 16
785.9231 143.79504 600.90424 57 16
806.48785 145.01915 613.90027 57 16
827.1827 146.10251 626.97375 57 16
-26.856619 147.03078 83.650826 58 16
-29.484724 167.19255 83.02068 58 16
-31.867327 187.74463 82.31681 58 16
-34.071217 208.31874 81.63424 58 16
-36.104324 228.86124 81.242035 58 16
-37.9875 249.22623 80.48811 58 16
-39.641315 269.92957 79.672295 58 16
-41.11685 290.64377 79.02955 58 16
-42.456898 311.05124 78.62346 58 16
-43.59116 331.64594 77.926926 58 16
-44.523365 352.41592 77.300735 58 16
-45.321964 372.8143 76.84639 58 16
-45.902702 393.51154 76.16119 58 16
-46.3174 414.07822 75.51456 58 16
-46.531303 434.81665 75.08134 58 16
-46.56936 455.5018 74.26889 58 16
-46.422413 476.2148 73.63237 58 16
-46.089264 496.96783 73.28354 58 16
-45.57909 517.658 72.45496 58 16
-44.878506 538.43024 71.80485 58 16
-44.00941 559.01587 71.215195 58 16
-42.93993 579.80493 70.56749 58 16
-41.69304 600.5023 69.99537 58 16
-40.257122 621.2624 69.30844 58 16
-38.648502 641.8234 68.75668 58 16
-36.836334 662.6853 68.11339 58 16
-34.84569 683.43274 67.47724 58 16
-32.678177 703.99194 66.8812 58 16
-30.317156 724.6932 66.29097 58 16
-27.766047 745.4918 65.75034 58 16
-25.037172 766.0461 64.92832 58 16
-22.120476 786.589 64.39355 58 16
-19.010502 807.3398 63.60093 58 16
-15.71455 828.05786 63.209908 58 16
-12.230922 848.82355 62.460716 58 16
-128.86583 -63.905045 -53.947357 59 16
-146.76395 -74.265884 -74.40802 59 16
-164.27924 -84.895935 -94.66074 59 16
-181.91328 -95.540634 -114.85691 59 16
-199.73431 -106.158585 -135.45964 59 16
-217.28236 -116.99183 -155.86113 59 16
-234.72937 -127.950645 -176.30103 59 16
-252.0286 -139.06102 -196.6219 59 16
-269.35925 -150.22401 -217.20834 59 16
-286.684 -161.45836 -237.65714 59 16
-303.7145 -172.9267 -258.11533 59 16
-320.94662 -184.34734 -278.20593 59 16
-337.89572 -195.99641 -298.6586 59 16
-355.02637 -207.60506 -319.2561 59 16
-371.74652 -219.51823 -339.53976 59 16
-388.82156 -231.2851 -360.02866 59 16
-405.48688 -243.35764 -380.32507 59 16
-422.22617 -255.44768 -401.0133 59 16
-438.92 -267.62543 -421.3848 59 16
-455.46967 -279.95068 -442.03217 59 16
-471.94232 -292.3823 -462.1789 59 16
-488.41293 -304.87305 -482.85428 59 16
-504.7555 -317.5006 -503.13403 59 16
-521.07477 -330.19885 -523.75745 59 16
-537.1074 -343.13458 -544.3362 59 16
-553.3302 -356.00375 -564.80365 59 16
-569.54675 -368.92914 -585.27686 59 16
-585.5761 -382.0274 -605.72656 59 16
-601.402 -395.3102 -626.22205 59 16
-617.3419 -408.5686 -646.56714 59 16
-633.1114 -421.989 -667.3601 59 16
-648.8403 -435.48502 -687.8171 59 16
-664.4185 -449.12985 -708.3345 59 16
-679.8551 -462.91788 -728.77405 59 16
-695.48785 -476.6179 -749.3536 59 16
