x y z track_id event_id time_left time_right
-91.55845 -117.80442 -53.00006 0 12 0.7144285714285714 0.9998571428571428
-104.01393 -134.25188 -40.419403 0 12 0.7144285714285714 0.9998571428571428
-116.375824 -150.74693 -28.193707 0 12 0.7144285714285714 0.9998571428571428
-128.60693 -167.33546 -15.8537035 0 12 0.7144285714285714 0.9998571428571428
-140.68907 -184.03896 -3.238048 0 12 0.7144285714285714 0.9998571428571428
-152.70921 -200.74106 9.307514 0 12 0.7144285714285714 0.9998571428571428
-164.39 -217.80461 21.622614 0 12 0.7144285714285714 0.9998571428571428
-176.11798 -234.71748 34.252487 0 12 0.7144285714285714 0.9998571428571428
-187.56856 -251.90779 46.601234 0 12 0.7144285714285714 0.9998571428571428
-198.85985 -269.21744 58.89504 0 12 0.7144285714285714 0.9998571428571428
-210.16316 -286.41107 71.57768 0 12 0.7144285714285714 0.9998571428571428
-221.16026 -303.91855 84.00435 0 12 0.7144285714285714 0.9998571428571428
-232.02437 -321.5028 96.586205 0 12 0.7144285714285714 0.9998571428571428
-242.78564 -339.11893 108.90028 0 12 0.7144285714285714 0.9998571428571428
-253.36642 -356.87228 121.37681 0 12 0.7144285714285714 0.9998571428571428
-263.8774 -374.6043 133.76224 0 12 0.7144285714285714 0.9998571428571428
-273.92502 -392.87363 146.31259 0 12 0.7144285714285714 0.9998571428571428
-284.07764 -410.86786 158.86926 0 12 0.7144285714285714 0.9998571428571428
-294.15576 -428.83655 171.53189 0 12 0.7144285714285714 0.9998571428571428
-303.87537 -447.19214 183.93573 0 12 0.7144285714285714 0.9998571428571428
-313.59048 -465.41446 196.48131 0 12 0.7144285714285714 0.9998571428571428
-322.9045 -484.08936 209.04956 0 12 0.7144285714285714 0.9998571428571428
-332.2779 -502.5278 221.62177 0 12 0.7144285714285714 0.9998571428571428
-341.35413 -521.2627 234.23259 0 12 0.7144285714285714 0.9998571428571428
-350.39178 -539.89874 246.85915 0 12 0.7144285714285714 0.9998571428571428
-359.10345 -558.87537 259.30734 0 12 0.7144285714285714 0.9998571428571428
-367.69305 -577.8771 271.93213 0 12 0.7144285714285714 0.9998571428571428
-384.53253 -615.8956 297.0603 0 12 0.7144285714285714 0.9998571428571428
-392.64578 -635.1237 309.68896 0 12 0.7144285714285714 0.9998571428571428
-400.52753 -654.5411 322.22894 0 12 0.7144285714285714 0.9998571428571428
-408.37256 -673.8268 334.8758 0 12 0.7144285714285714 0.9998571428571428
-416.0001 -693.2731 347.41217 0 12 0.7144285714285714 0.9998571428571428
-423.45233 -712.8087 360.20886 0 12 0.7144285714285714 0.9998571428571428
-430.6901 -732.498 372.8248 0 12 0.7144285714285714 0.9998571428571428
-79.54914 -113.431915 -290.80234 1 3 0.07157142857142856 0.357
-92.171074 -129.72614 -330.5227 1 3 0.07157142857142856 0.357
-104.72951 -146.0114 -370.88016 1 3 0.07157142857142856 0.357
-116.9118 -162.72205 -411.06775 1 3 0.07157142857142856 0.357
-129.292 -179.05582 -451.3418 1 3 0.07157142857142856 0.357
-141.05524 -196.14307 -491.30038 1 3 0.07157142857142856 0.357
-152.95532 -212.93352 -531.8055 1 3 0.07157142857142856 0.357
-164.54645 -230.04466 -571.64166 1 3 0.07157142857142856 0.357
-176.02504 -247.20023 -611.6707 1 3 0.07157142857142856 0.357
-187.36522 -264.433 -651.8728 1 3 0.07157142857142856 0.357
-198.43651 -281.9248 -692.2995 1 3 0.07157142857142856 0.357
-209.3688 -299.48987 -732.36487 1 3 0.07157142857142856 0.357
-220.1972 -317.07407 -772.9821 1 3 0.07157142857142856 0.357
-230.82526 -334.8124 -813.04517 1 3 0.07157142857142856 0.357
-241.37936 -352.51813 -853.5055 1 3 0.07157142857142856 0.357
-251.55212 -370.6378 -893.6185 1 3 0.07157142857142856 0.357
-261.69598 -388.65228 -934.0705 1 3 0.07157142857142856 0.357
-281.2202 -425.35504 -1014.8033 1 3 0.07157142857142856 0.357
-290.80032 -443.73883 -1055.1805 1 3 0.07157142857142856 0.357
-300.16083 -462.28845 -1095.7299 1 3 0.07157142857142856 0.357
-309.3571 -480.91644 -1136.1176 1 3 0.07157142857142856 0.357
-318.5078 -499.43283 -1176.6438 1 3 0.07157142857142856 0.357
-327.1979 -518.48596 -1217.1158 1 3 0.07157142857142856 0.357
-335.76202 -537.55 -1257.6973 1 3 0.07157142857142856 0.357
-344.2779 -556.4936 -1298.2637 1 3 0.07157142857142856 0.357
-352.555 -575.6179 -1339.0441 1 3 0.07157142857142856 0.357
-360.56458 -594.9697 -1379.5825 1 3 0.07157142857142856 0.357
-368.49286 -614.23944 -1420.1547 1 3 0.07157142857142856 0.357
-376.0751 -633.86414 -1461.0425 1 3 0.07157142857142856 0.357
-383.70883 -653.17206 -1501.7136 1 3 0.07157142857142856 0.357
-390.89532 -673.00494 -1542.4181 1 3 0.07157142857142856 0.357
-397.95844 -692.81 -1583.4812 1 3 0.07157142857142856 0.357
-404.93774 -712.5103 -1624.4377 1 3 0.07157142857142856 0.357
-411.67792 -732.37225 -1665.4161 1 3 0.07157142857142856 0.357
39.954655 117.72388 -45.12444 2 4 0.143 0.4284285714285714
47.964386 136.78882 -83.481514 2 4 0.143 0.4284285714285714
56.165504 155.74142 -121.55096 2 4 0.143 0.4284285714285714
64.59104 174.49384 -159.8601 2 4 0.143 0.4284285714285714
73.15937 193.26785 -197.75894 2 4 0.143 0.4284285714285714
81.87458 212.04411 -235.83438 2 4 0.143 0.4284285714285714
90.829155 230.58116 -274.1897 2 4 0.143 0.4284285714285714
99.97411 249.00746 -312.18185 2 4 0.143 0.4284285714285714
109.28507 267.38184 -350.72968 2 4 0.143 0.4284285714285714
118.76203 285.7003 -388.691 2 4 0.143 0.4284285714285714
128.40453 303.96017 -426.9377 2 4 0.143 0.4284285714285714
138.24577 322.08063 -465.08124 2 4 0.143 0.4284285714285714
158.37057 358.25146 -541.7962 2 4 0.143 0.4284285714285714
168.70622 376.17557 -580.0632 2 4 0.143 0.4284285714285714
179.27399 393.8803 -618.3299 2 4 0.143 0.4284285714285714
189.95985 411.6159 -656.4879 2 4 0.143 0.4284285714285714
200.85329 429.18372 -695.0945 2 4 0.143 0.4284285714285714
211.83301 446.8403 -733.21594 2 4 0.143 0.4284285714285714
234.42873 481.6066 -810.2393 2 4 0.143 0.4284285714285714
245.88669 499.03894 -848.6683 2 4 0.143 0.4284285714285714
257.62576 516.1452 -886.80664 2 4 0.143 0.4284285714285714
269.60004 533.02234 -925.4932 2 4 0.143 0.4284285714285714
281.64038 550.0033 -963.858 2 4 0.143 0.4284285714285714
293.87305 566.83466 -1002.4881 2 4 0.143 0.4284285714285714
306.27325 583.56305 -1040.9923 2 4 0.143 0.4284285714285714
318.79575 600.27124 -1079.5923 2 4 0.143 0.4284285714285714
331.56207 616.72784 -1118.3473 2 4 0.143 0.4284285714285714
344.38953 633.2716 -1156.9105 2 4 0.143 0.4284285714285714
357.42496 649.6265 -1195.7433 2 4 0.143 0.4284285714285714
370.7189 665.7024 -1234.1572 2 4 0.143 0.4284285714285714
384.08087 681.8407 -1273.0044 2 4 0.143 0.4284285714285714
397.60245 697.8726 -1311.8007 2 4 0.143 0.4284285714285714
411.40317 713.5882 -1350.3748 2 4 0.143 0.4284285714285714
29.952839 -119.194145 -182.54811 3 5 0.21442857142857144 0.4998571428571429
30.208351 -139.94336 -195.40956 3 5 0.21442857142857144 0.4998571428571429
30.20588 -160.29868 -208.45456 3 5 0.21442857142857144 0.4998571428571429
29.765013 -181.16368 -221.37556 3 5 0.21442857142857144 0.4998571428571429
29.033398 -201.737 -234.47955 3 5 0.21442857142857144 0.4998571428571429
27.940355 -222.43051 -247.48444 3 5 0.21442857142857144 0.4998571428571429
26.513683 -243.03838 -260.2572 3 5 0.21442857142857144 0.4998571428571429
24.742191 -263.62808 -273.5933 3 5 0.21442857142857144 0.4998571428571429
22.61905 -284.2706 -286.6104 3 5 0.21442857142857144 0.4998571428571429
20.157448 -304.79562 -299.45898 3 5 0.21442857142857144 0.4998571428571429
17.329496 -325.63882 -312.66153 3 5 0.21442857142857144 0.4998571428571429
14.182131 -345.94604 -325.6682 3 5 0.21442857142857144 0.4998571428571429
6.817029 -387.04367 -351.90158 3 5 0.21442857142857144 0.4998571428571429
2.6135197 -407.53625 -364.86166 3 5 0.21442857142857144 0.4998571428571429
-1.9388583 -427.80966 -378.09146 3 5 0.21442857142857144 0.4998571428571429
-6.8429933 -448.07816 -391.1998 3 5 0.21442857142857144 0.4998571428571429
-12.0936 -468.50742 -404.35852 3 5 0.21442857142857144 0.4998571428571429
-17.69589 -488.77936 -417.68985 3 5 0.21442857142857144 0.4998571428571429
-23.65089 -508.9467 -430.85556 3 5 0.21442857142857144 0.4998571428571429
-29.963995 -528.9426 -444.11136 3 5 0.21442857142857144 0.4998571428571429
-36.632492 -548.8591 -457.42242 3 5 0.21442857142857144 0.4998571428571429
-43.64095 -568.9028 -470.60416 3 5 0.21442857142857144 0.4998571428571429
-50.99859 -588.899 -484.19757 3 5 0.21442857142857144 0.4998571428571429
-58.729565 -608.58856 -497.3203 3 5 0.21442857142857144 0.4998571428571429
-66.79637 -628.3863 -510.75204 3 5 0.21442857142857144 0.4998571428571429
-75.253365 -647.77386 -524.2231 3 5 0.21442857142857144 0.4998571428571429
-84.011314 -667.5333 -537.7318 3 5 0.21442857142857144 0.4998571428571429
-93.16424 -686.8687 -551.11945 3 5 0.21442857142857144 0.4998571428571429
-102.641785 -706.32733 -564.7233 3 5 0.21442857142857144 0.4998571428571429
-112.52451 -725.34454 -578.2898 3 5 0.21442857142857144 0.4998571428571429
-122.7758 -744.1988 -591.7553 3 5 0.21442857142857144 0.4998571428571429
-133.32874 -763.27844 -605.5847 3 5 0.21442857142857144 0.4998571428571429
-144.2658 -782.0787 -619.16833 3 5 0.21442857142857144 0.4998571428571429
-155.6127 -800.48706 -632.91895 3 5 0.21442857142857144 0.4998571428571429
139.44765 6.937387 -53.663685 4 7 0.3572857142857143 0.6427142857142857
160.45251 7.5712776 -63.814777 4 7 0.3572857142857143 0.6427142857142857
201.69771 7.834541 -84.456795 4 7 0.3572857142857143 0.6427142857142857
222.22691 7.445734 -94.96107 4 7 0.3572857142857143 0.6427142857142857
242.8605 6.7024236 -105.31114 4 7 0.3572857142857143 0.6427142857142857
263.7571 5.6021194 -115.72518 4 7 0.3572857142857143 0.6427142857142857
284.2841 4.158468 -125.88707 4 7 0.3572857142857143 0.6427142857142857
305.08765 2.3583095 -136.39262 4 7 0.3572857142857143 0.6427142857142857
325.30884 0.20741668 -146.50107 4 7 0.3572857142857143 0.6427142857142857
346.20554 -2.298936 -156.97908 4 7 0.3572857142857143 0.6427142857142857
366.811 -5.1597967 -167.56166 4 7 0.3572857142857143 0.6427142857142857
387.49966 -8.373728 -178.13419 4 7 0.3572857142857143 0.6427142857142857
408.16574 -11.941937 -188.32982 4 7 0.3572857142857143 0.6427142857142857
428.41165 -15.879521 -198.95476 4 7 0.3572857142857143 0.6427142857142857
448.95428 -20.16389 -209.51297 4 7 0.3572857142857143 0.6427142857142857
469.4445 -24.806067 -219.79234 4 7 0.3572857142857143 0.6427142857142857
530.57764 -40.887085 -251.5066 4 7 0.3572857142857143 0.6427142857142857
550.7632 -46.97392 -261.96048 4 7 0.3572857142857143 0.6427142857142857
570.74396 -53.436203 -272.72385 4 7 0.3572857142857143 0.6427142857142857
590.76825 -60.25233 -283.195 4 7 0.3572857142857143 0.6427142857142857
610.932 -67.40907 -293.81424 4 7 0.3572857142857143 0.6427142857142857
630.778 -74.95544 -304.57355 4 7 0.3572857142857143 0.6427142857142857
650.8061 -82.83392 -315.17896 4 7 0.3572857142857143 0.6427142857142857
690.19183 -99.73554 -336.6517 4 7 0.3572857142857143 0.6427142857142857
709.66364 -108.747894 -347.33737 4 7 0.3572857142857143 0.6427142857142857
728.91833 -118.14745 -358.29276 4 7 0.3572857142857143 0.6427142857142857
748.3832 -127.86404 -368.94254 4 7 0.3572857142857143 0.6427142857142857
767.44 -138.00002 -380.01907 4 7 0.3572857142857143 0.6427142857142857
786.6102 -148.46452 -390.68637 4 7 0.3572857142857143 0.6427142857142857
805.54205 -159.32045 -401.68893 4 7 0.3572857142857143 0.6427142857142857
824.45197 -170.52563 -412.60266 4 7 0.3572857142857143 0.6427142857142857
117.990944 -77.24207 -285.45706 5 12 0.7144285714285714 0.9998571428571428
137.38234 -84.752144 -307.6869 5 12 0.7144285714285714 0.9998571428571428
157.00531 -91.6809 -330.12875 5 12 0.7144285714285714 0.9998571428571428
196.84485 -103.76307 -374.73654 5 12 0.7144285714285714 0.9998571428571428
217.09567 -108.85662 -397.19998 5 12 0.7144285714285714 0.9998571428571428
237.59784 -113.280464 -419.6539 5 12 0.7144285714285714 0.9998571428571428
258.26172 -117.06123 -442.27087 5 12 0.7144285714285714 0.9998571428571428
300.49802 -122.444984 -487.87177 5 12 0.7144285714285714 0.9998571428571428
321.72586 -124.16411 -510.61078 5 12 0.7144285714285714 0.9998571428571428
343.12448 -125.169395 -533.659 5 12 0.7144285714285714 0.9998571428571428
364.49948 -125.51296 -556.8226 5 12 0.7144285714285714 0.9998571428571428
386.14206 -125.074715 -579.84686 5 12 0.7144285714285714 0.9998571428571428
408.12637 -123.825 -603.4265 5 12 0.7144285714285714 0.9998571428571428
429.91528 -121.91418 -626.9795 5 12 0.7144285714285714 0.9998571428571428
451.696 -119.259544 -650.4145 5 12 0.7144285714285714 0.9998571428571428
473.55423 -115.819046 -674.1436 5 12 0.7144285714285714 0.9998571428571428
495.63318 -111.54516 -698.3403 5 12 0.7144285714285714 0.9998571428571428
517.457 -106.52974 -722.3753 5 12 0.7144285714285714 0.9998571428571428
539.3062 -100.68757 -746.5607 5 12 0.7144285714285714 0.9998571428571428
561.40875 -93.96472 -771.1416 5 12 0.7144285714285714 0.9998571428571428
583.05695 -86.46436 -795.8857 5 12 0.7144285714285714 0.9998571428571428
626.414 -68.80883 -846.02466 5 12 0.7144285714285714 0.9998571428571428
647.91315 -58.646687 -871.58014 5 12 0.7144285714285714 0.9998571428571428
669.18353 -47.57617 -897.4321 5 12 0.7144285714285714 0.9998571428571428
690.346 -35.565952 -923.5104 5 12 0.7144285714285714 0.9998571428571428
711.14465 -22.60716 -950.05286 5 12 0.7144285714285714 0.9998571428571428
731.87067 -8.665176 -976.698 5 12 0.7144285714285714 0.9998571428571428
752.2769 6.2746906 -1003.9343 5 12 0.7144285714285714 0.9998571428571428
772.4683 22.235758 -1031.2141 5 12 0.7144285714285714 0.9998571428571428
792.08527 39.254433 -1059.1034 5 12 0.7144285714285714 0.9998571428571428
811.27344 57.360203 -1087.681 5 12 0.7144285714285714 0.9998571428571428
830.4509 76.543884 -1116.536 5 12 0.7144285714285714 0.9998571428571428
-145.34337 19.81973 -237.86159 6 14 0.8572857142857143 1.0
-165.57394 24.78901 -283.39676 6 14 0.8572857142857143 1.0
-185.24268 30.135103 -328.8669 6 14 0.8572857142857143 1.0
-205.15637 35.73416 -374.6759 6 14 0.8572857142857143 1.0
-224.92732 41.645855 -420.46802 6 14 0.8572857142857143 1.0
-244.64233 47.85424 -465.84457 6 14 0.8572857142857143 1.0
-264.26138 54.365627 -511.84473 6 14 0.8572857142857143 1.0
-283.70975 61.195293 -557.5291 6 14 0.8572857142857143 1.0
-303.1631 68.30484 -603.07874 6 14 0.8572857142857143 1.0
-322.68018 75.67644 -649.13245 6 14 0.8572857142857143 1.0
-341.84503 83.40582 -694.72437 6 14 0.8572857142857143 1.0
-360.96063 91.42202 -740.7792 6 14 0.8572857142857143 1.0
-380.02136 99.723656 -786.7828 6 14 0.8572857142857143 1.0
-398.95975 108.32622 -832.8871 6 14 0.8572857142857143 1.0
-417.95767 117.17758 -878.8308 6 14 0.8572857142857143 1.0
-436.56415 126.402145 -924.9259 6 14 0.8572857142857143 1.0
-455.0685 135.91942 -971.1244 6 14 0.8572857142857143 1.0
-473.5477 145.70364 -1017.49994 6 14 0.8572857142857143 1.0
-492.1367 155.70782 -1063.6046 6 14 0.8572857142857143 1.0
-510.2077 166.1282 -1110.1807 6 14 0.8572857142857143 1.0
-528.39954 176.75978 -1156.5312 6 14 0.8572857142857143 1.0
-546.1179 187.79807 -1202.9253 6 14 0.8572857142857143 1.0
-563.9931 199.02806 -1249.5426 6 14 0.8572857142857143 1.0
-581.697 210.55836 -1296.3206 6 14 0.8572857142857143 1.0
-599.29376 222.364 -1342.9451 6 14 0.8572857142857143 1.0
-616.6761 234.4825 -1389.8903 6 14 0.8572857142857143 1.0
-633.8535 246.90982 -1436.7351 6 14 0.8572857142857143 1.0
-650.9148 259.60977 -1483.5913 6 14 0.8572857142857143 1.0
-667.8453 272.58484 -1530.8928 6 14 0.8572857142857143 1.0
-684.53864 285.87625 -1578.1278 6 14 0.8572857142857143 1.0
-700.8842 299.53085 -1625.1661 6 14 0.8572857142857143 1.0
-717.57196 313.24997 -1672.6737 6 14 0.8572857142857143 1.0
-733.66406 327.43478 -1720.3075 6 14 0.8572857142857143 1.0
-749.5738 341.90628 -1767.8556 6 14 0.8572857142857143 1.0
-765.4251 356.604 -1815.6602 6 14 0.8572857142857143 1.0
-123.691666 -32.342728 -842.5495 7 8 0.4287142857142857 0.7141428571428571
-143.54918 -38.253567 -1004.7419 7 8 0.4287142857142857 0.7141428571428571
-163.38908 -44.75796 -1167.1327 7 8 0.4287142857142857 0.7141428571428571
-182.8841 -51.939312 -1330.047 7 8 0.4287142857142857 0.7141428571428571
-202.18936 -59.751236 -1493.079 7 8 0.4287142857142857 0.7141428571428571
-221.21255 -68.216354 -1656.9166 7 8 0.4287142857142857 0.7141428571428571
-240.16478 -77.26362 -1821.1969 7 8 0.4287142857142857 0.7141428571428571
-258.76352 -86.97519 -1985.8492 7 8 0.4287142857142857 0.7141428571428571
-277.15628 -97.29738 -2151.0293 7 8 0.4287142857142857 0.7141428571428571
-295.14233 -108.29424 -2316.966 7 8 0.4287142857142857 0.7141428571428571
94.517555 97.64855 -163.49359 8 7 0.3572857142857143 0.6427142857142857
108.89927 112.40495 -189.70932 8 7 0.3572857142857143 0.6427142857142857
123.59821 126.84304 -215.74843 8 7 0.3572857142857143 0.6427142857142857
138.39645 141.18617 -242.02765 8 7 0.3572857142857143 0.6427142857142857
153.20685 155.5201 -268.56567 8 7 0.3572857142857143 0.6427142857142857
168.34158 169.52582 -294.81006 8 7 0.3572857142857143 0.6427142857142857
183.56898 183.43707 -320.94763 8 7 0.3572857142857143 0.6427142857142857
198.94348 197.19702 -347.10208 8 7 0.3572857142857143 0.6427142857142857
214.41725 210.8511 -373.37585 8 7 0.3572857142857143 0.6427142857142857
229.98291 224.40381 -399.5543 8 7 0.3572857142857143 0.6427142857142857
245.5385 237.95094 -426.00952 8 7 0.3572857142857143 0.6427142857142857
261.5684 251.0221 -452.26416 8 7 0.3572857142857143 0.6427142857142857
277.56595 264.106 -478.6088 8 7 0.3572857142857143 0.6427142857142857
293.74646 276.99362 -504.85785 8 7 0.3572857142857143 0.6427142857142857
309.9762 289.80954 -531.18744 8 7 0.3572857142857143 0.6427142857142857
326.2987 302.5094 -557.3288 8 7 0.3572857142857143 0.6427142857142857
342.71228 315.09216 -583.7855 8 7 0.3572857142857143 0.6427142857142857
359.38623 327.40073 -610.19183 8 7 0.3572857142857143 0.6427142857142857
376.11185 339.62503 -636.4107 8 7 0.3572857142857143 0.6427142857142857
392.94656 351.70993 -663.0832 8 7 0.3572857142857143 0.6427142857142857
427.26852 375.167 -715.7736 8 7 0.3572857142857143 0.6427142857142857
461.93488 398.12988 -768.37683 8 7 0.3572857142857143 0.6427142857142857
479.25784 409.53836 -794.82556 8 7 0.3572857142857143 0.6427142857142857
496.83832 420.66785 -821.61395 8 7 0.3572857142857143 0.6427142857142857
514.5992 431.58444 -847.9256 8 7 0.3572857142857143 0.6427142857142857
532.20764 442.5644 -874.4243 8 7 0.3572857142857143 0.6427142857142857
550.3574 453.02847 -901.1514 8 7 0.3572857142857143 0.6427142857142857
568.5429 463.39697 -927.76984 8 7 0.3572857142857143 0.6427142857142857
586.61804 473.78415 -954.0569 8 7 0.3572857142857143 0.6427142857142857
604.96423 483.87787 -980.77295 8 7 0.3572857142857143 0.6427142857142857
623.3118 493.89355 -1007.4799 8 7 0.3572857142857143 0.6427142857142857
641.74066 503.76416 -1034.0391 8 7 0.3572857142857143 0.6427142857142857
660.5443 513.2589 -1060.9513 8 7 0.3572857142857143 0.6427142857142857
-24.175396 -129.1952 44.279156 9 2 0.00014285714285713902 0.2855714285714286
-29.576674 -149.0175 52.28117 9 2 0.00014285714285713902 0.2855714285714286
-34.80976 -168.91487 60.756634 9 2 0.00014285714285713902 0.2855714285714286
-39.856323 -188.96716 68.65105 9 2 0.00014285714285713902 0.2855714285714286
-44.762985 -208.94855 77.03332 9 2 0.00014285714285713902 0.2855714285714286
-49.492687 -229.03246 85.13813 9 2 0.00014285714285713902 0.2855714285714286
-54.047775 -249.20425 93.48425 9 2 0.00014285714285713902 0.2855714285714286
-58.509853 -269.08594 101.652466 9 2 0.00014285714285713902 0.2855714285714286
-62.72342 -289.3907 110.059944 9 2 0.00014285714285713902 0.2855714285714286
-66.80802 -309.56528 118.25258 9 2 0.00014285714285713902 0.2855714285714286
-70.69484 -329.92563 126.475235 9 2 0.00014285714285713902 0.2855714285714286
-77.99157 -370.65512 143.02007 9 2 0.00014285714285713902 0.2855714285714286
-81.41589 -390.9484 151.3343 9 2 0.00014285714285713902 0.2855714285714286
-84.67206 -411.278 159.6436 9 2 0.00014285714285713902 0.2855714285714286
-87.75876 -431.64755 167.99437 9 2 0.00014285714285713902 0.2855714285714286
-90.650185 -452.1832 176.36292 9 2 0.00014285714285713902 0.2855714285714286
-93.36975 -472.7695 184.45923 9 2 0.00014285714285713902 0.2855714285714286
-95.97592 -493.1042 192.7778 9 2 0.00014285714285713902 0.2855714285714286
-98.35432 -513.76825 201.29868 9 2 0.00014285714285713902 0.2855714285714286
-102.67483 -554.79956 217.71904 9 2 0.00014285714285713902 0.2855714285714286
-104.515816 -575.7041 226.00848 9 2 0.00014285714285713902 0.2855714285714286
-106.234726 -596.3722 234.31606 9 2 0.00014285714285713902 0.2855714285714286
-107.80681 -616.92725 242.46501 9 2 0.00014285714285713902 0.2855714285714286
-109.1655 -637.7466 251.09784 9 2 0.00014285714285713902 0.2855714285714286
-110.37736 -658.44525 259.23196 9 2 0.00014285714285713902 0.2855714285714286
-111.41974 -679.1488 267.41397 9 2 0.00014285714285713902 0.2855714285714286
-112.26544 -700.0226 275.72565 9 2 0.00014285714285713902 0.2855714285714286
-112.95736 -720.8001 284.21338 9 2 0.00014285714285713902 0.2855714285714286
-113.484665 -741.5405 292.59338 9 2 0.00014285714285713902 0.2855714285714286
-113.8342 -762.32446 300.8988 9 2 0.00014285714285713902 0.2855714285714286
-114.00716 -783.14215 309.21503 9 2 0.00014285714285713902 0.2855714285714286
-113.97218 -804.2127 317.6655 9 2 0.00014285714285713902 0.2855714285714286
-113.82185 -824.8811 325.97565 9 2 0.00014285714285713902 0.2855714285714286
-23.585234 137.86662 -277.37567 10 1 0.0 0.21414285714285713
-25.222765 158.17993 -285.9391 10 1 0.0 0.21414285714285713
-26.741745 178.6013 -294.3906 10 1 0.0 0.21414285714285713
-28.138601 199.18149 -302.77444 10 1 0.0 0.21414285714285713
-29.42301 219.87517 -311.36575 10 1 0.0 0.21414285714285713
-30.631018 240.41412 -319.9413 10 1 0.0 0.21414285714285713
-31.742178 260.94022 -328.5345 10 1 0.0 0.21414285714285713
-32.762466 281.39905 -337.00238 10 1 0.0 0.21414285714285713
-33.658318 302.08185 -345.56165 10 1 0.0 0.21414285714285713
-34.46741 322.6644 -354.17538 10 1 0.0 0.21414285714285713
-35.18344 343.19308 -362.59058 10 1 0.0 0.21414285714285713
-35.790176 363.82477 -371.2853 10 1 0.0 0.21414285714285713
-36.32371 384.189 -379.754 10 1 0.0 0.21414285714285713
-36.711174 405.05472 -388.4104 10 1 0.0 0.21414285714285713
-37.02573 425.64355 -396.95892 10 1 0.0 0.21414285714285713
-37.360043 466.78677 -413.89432 10 1 0.0 0.21414285714285713
-37.36354 487.5476 -422.5603 10 1 0.0 0.21414285714285713
-37.276882 508.19736 -431.30804 10 1 0.0 0.21414285714285713
-37.09571 528.78107 -439.6607 10 1 0.0 0.21414285714285713
-36.81314 549.3908 -448.16882 10 1 0.0 0.21414285714285713
-36.435966 569.923 -456.8773 10 1 0.0 0.21414285714285713
-35.94881 590.61725 -465.42697 10 1 0.0 0.21414285714285713
-35.36693 611.23425 -473.88782 10 1 0.0 0.21414285714285713
-34.679455 631.9579 -482.28738 10 1 0.0 0.21414285714285713
-33.8939 652.6606 -490.92303 10 1 0.0 0.21414285714285713
-33.015476 673.23096 -499.90958 10 1 0.0 0.21414285714285713
-32.039555 693.7432 -508.16483 10 1 0.0 0.21414285714285713
-30.954916 714.4436 -516.71704 10 1 0.0 0.21414285714285713
-29.778221 734.95935 -525.32526 10 1 0.0 0.21414285714285713
-28.497408 755.5678 -533.968 10 1 0.0 0.21414285714285713
-27.117033 776.1598 -542.4674 10 1 0.0 0.21414285714285713
-25.632488 796.8731 -551.0751 10 1 0.0 0.21414285714285713
-24.050232 817.52124 -559.72784 10 1 0.0 0.21414285714285713
-22.366182 838.2359 -568.26917 10 1 0.0 0.21414285714285713
-32.78181 -138.12769 -216.80614 11 6 0.2858571428571428 0.5712857142857143
-34.360405 -158.76872 -262.24622 11 6 0.2858571428571428 0.5712857142857143
-35.29343 -179.58463 -307.91388 11 6 0.2858571428571428 0.5712857142857143
-35.61133 -200.39731 -353.51392 11 6 0.2858571428571428 0.5712857142857143
-35.317875 -221.11812 -399.22467 11 6 0.2858571428571428 0.5712857142857143
-34.374832 -241.91832 -445.26532 11 6 0.2858571428571428 0.5712857142857143
-32.766026 -262.89725 -490.96603 11 6 0.2858571428571428 0.5712857142857143
-30.534777 -283.6711 -536.9124 11 6 0.2858571428571428 0.5712857142857143
-27.61632 -304.77057 -583.42377 11 6 0.2858571428571428 0.5712857142857143
-24.05904 -325.69028 -630.10754 11 6 0.2858571428571428 0.5712857142857143
-19.847044 -346.47253 -676.53265 11 6 0.2858571428571428 0.5712857142857143
-14.965466 -367.22766 -723.51227 11 6 0.2858571428571428 0.5712857142857143
-9.407686 -388.06552 -770.3565 11 6 0.2858571428571428 0.5712857142857143
-3.178461 -408.68448 -817.56104 11 6 0.2858571428571428 0.5712857142857143
3.7339306 -429.06403 -865.1884 11 6 0.2858571428571428 0.5712857142857143
11.334483 -449.46555 -912.80035 11 6 0.2858571428571428 0.5712857142857143
19.631744 -469.6277 -960.937 11 6 0.2858571428571428 0.5712857142857143
28.618416 -489.83914 -1009.2432 11 6 0.2858571428571428 0.5712857142857143
38.31934 -509.6903 -1057.5923 11 6 0.2858571428571428 0.5712857142857143
59.84009 -549.0161 -1155.7983 11 6 0.2858571428571428 0.5712857142857143
71.70052 -568.16644 -1205.6145 11 6 0.2858571428571428 0.5712857142857143
84.26306 -587.2801 -1255.4921 11 6 0.2858571428571428 0.5712857142857143
97.566505 -606.06537 -1305.9669 11 6 0.2858571428571428 0.5712857142857143
111.65358 -624.31445 -1356.7511 11 6 0.2858571428571428 0.5712857142857143
126.42296 -642.6203 -1407.881 11 6 0.2858571428571428 0.5712857142857143
141.98344 -660.3912 -1459.7316 11 6 0.2858571428571428 0.5712857142857143
158.34842 -677.62146 -1511.9513 11 6 0.2858571428571428 0.5712857142857143
175.4668 -694.55615 -1564.7944 11 6 0.2858571428571428 0.5712857142857143
193.33589 -711.18634 -1618.2314 11 6 0.2858571428571428 0.5712857142857143
231.49724 -742.8843 -1727.0516 11 6 0.2858571428571428 0.5712857142857143
251.82076 -757.86884 -1782.6448 11 6 0.2858571428571428 0.5712857142857143
272.97986 -772.26404 -1838.6702 11 6 0.2858571428571428 0.5712857142857143
294.98047 -786.0504 -1895.6595 11 6 0.2858571428571428 0.5712857142857143
80.81111 -120.815704 -113.41784 12 11 0.643 0.9284285714285714
91.53391 -138.53886 -101.57746 12 11 0.643 0.9284285714285714
102.23436 -156.09041 -89.45774 12 11 0.643 0.9284285714285714
112.541954 -174.02762 -77.50969 12 11 0.643 0.9284285714285714
122.64458 -192.05951 -65.56988 12 11 0.643 0.9284285714285714
132.50381 -210.23982 -53.55332 12 11 0.643 0.9284285714285714
142.18881 -228.45232 -41.557762 12 11 0.643 0.9284285714285714
151.56792 -246.90149 -29.733505 12 11 0.643 0.9284285714285714
160.7643 -265.38248 -17.617996 12 11 0.643 0.9284285714285714
169.60165 -284.18048 -5.669561 12 11 0.643 0.9284285714285714
178.20758 -303.08102 6.5894785 12 11 0.643 0.9284285714285714
186.55067 -322.13123 18.620094 12 11 0.643 0.9284285714285714
202.67068 -360.26572 42.495964 12 11 0.643 0.9284285714285714
210.44136 -379.33865 54.627934 12 11 0.643 0.9284285714285714
217.63902 -399.0968 66.649055 12 11 0.643 0.9284285714285714
224.79886 -418.56415 78.88615 12 11 0.643 0.9284285714285714
231.59491 -438.3317 90.85177 12 11 0.643 0.9284285714285714
238.10843 -458.24594 102.91715 12 11 0.643 0.9284285714285714
244.38095 -478.2209 115.172775 12 11 0.643 0.9284285714285714
250.44182 -498.18906 127.18327 12 11 0.643 0.9284285714285714
256.14584 -518.4319 139.38214 12 11 0.643 0.9284285714285714
261.63046 -538.66833 151.68808 12 11 0.643 0.9284285714285714
266.78882 -559.10986 163.88522 12 11 0.643 0.9284285714285714
271.69406 -579.59894 175.92354 12 11 0.643 0.9284285714285714
276.4053 -599.99744 188.35933 12 11 0.643 0.9284285714285714
280.7161 -620.7444 200.5901 12 11 0.643 0.9284285714285714
284.78806 -641.4827 212.80627 12 11 0.643 0.9284285714285714
288.49274 -662.494 225.07855 12 11 0.643 0.9284285714285714
292.05075 -683.2653 237.32758 12 11 0.643 0.9284285714285714
295.16287 -704.48334 249.87144 12 11 0.643 0.9284285714285714
298.13376 -725.4207 262.15955 12 11 0.643 0.9284285714285714
300.70337 -746.6928 274.59836 12 11 0.643 0.9284285714285714
302.9795 -768.0341 287.02 12 11 0.643 0.9284285714285714
305.02228 -789.28 299.3512 12 11 0.643 0.9284285714285714
25.094124 -144.68423 -143.08269 13 11 0.643 0.9284285714285714
30.908133 -164.34 -135.29791 13 11 0.643 0.9284285714285714
37.084335 -184.28796 -127.51788 13 11 0.643 0.9284285714285714
43.750652 -203.8446 -119.66002 13 11 0.643 0.9284285714285714
50.842945 -223.32776 -111.75079 13 11 0.643 0.9284285714285714
58.398624 -242.56203 -104.0287 13 11 0.643 0.9284285714285714
74.76547 -280.81174 -88.31716 13 11 0.643 0.9284285714285714
83.61338 -299.65393 -80.32957 13 11 0.643 0.9284285714285714
92.84315 -318.50864 -72.36302 13 11 0.643 0.9284285714285714
102.553894 -337.01697 -64.529434 13 11 0.643 0.9284285714285714
112.71088 -355.29846 -56.468674 13 11 0.643 0.9284285714285714
123.17635 -373.7653 -48.759182 13 11 0.643 0.9284285714285714
134.18396 -391.68265 -40.690792 13 11 0.643 0.9284285714285714
145.60014 -409.45346 -32.442062 13 11 0.643 0.9284285714285714
157.47906 -426.9137 -24.56446 13 11 0.643 0.9284285714285714
169.74513 -444.2603 -16.625391 13 11 0.643 0.9284285714285714
182.39262 -461.48584 -8.639854 13 11 0.643 0.9284285714285714
195.50621 -478.36118 -0.44399655 13 11 0.643 0.9284285714285714
209.12851 -494.78488 7.611838 13 11 0.643 0.9284285714285714
223.01949 -511.3151 15.835387 13 11 0.643 0.9284285714285714
252.23856 -543.1592 31.881388 13 11 0.643 0.9284285714285714
267.36716 -558.89075 40.558197 13 11 0.643 0.9284285714285714
283.0515 -574.036 48.35043 13 11 0.643 0.9284285714285714
299.0333 -589.11694 56.69327 13 11 0.643 0.9284285714285714
315.54028 -603.6651 65.28722 13 11 0.643 0.9284285714285714
349.77307 -631.8298 82.0005 13 11 0.643 0.9284285714285714
367.5232 -645.37537 90.33734 13 11 0.643 0.9284285714285714
385.57898 -658.74725 98.78006 13 11 0.643 0.9284285714285714
404.1363 -671.5915 107.77441 13 11 0.643 0.9284285714285714
422.98044 -684.25446 115.89227 13 11 0.643 0.9284285714285714
442.26813 -696.45953 124.65406 13 11 0.643 0.9284285714285714
462.07553 -708.0807 133.3583 13 11 0.643 0.9284285714285714
120.33738 -89.37685 -147.35799 14 3 0.07157142857142856 0.357
136.58034 -102.15758 -165.96571 14 3 0.07157142857142856 0.357
152.48174 -115.27628 -184.76175 14 3 0.07157142857142856 0.357
168.18881 -128.62206 -203.33325 14 3 0.07157142857142856 0.357
183.97083 -141.98482 -222.09283 14 3 0.07157142857142856 0.357
199.2589 -155.80054 -240.73253 14 3 0.07157142857142856 0.357
214.54729 -169.68417 -259.44614 14 3 0.07157142857142856 0.357
229.55516 -183.85323 -278.23453 14 3 0.07157142857142856 0.357
244.4896 -198.1403 -296.90747 14 3 0.07157142857142856 0.357
259.32748 -212.5587 -315.64877 14 3 0.07157142857142856 0.357
273.70895 -227.40205 -334.6027 14 3 0.07157142857142856 0.357
288.24973 -242.15865 -353.0841 14 3 0.07157142857142856 0.357
302.42825 -257.25885 -372.118 14 3 0.07157142857142856 0.357
316.63037 -272.37335 -390.67465 14 3 0.07157142857142856 0.357
330.4102 -287.8812 -409.62338 14 3 0.07157142857142856 0.357
344.08914 -303.5035 -428.38364 14 3 0.07157142857142856 0.357
357.65253 -319.24777 -447.09528 14 3 0.07157142857142856 0.357
370.90088 -335.2888 -466.06418 14 3 0.07157142857142856 0.357
384.215 -351.27936 -484.7446 14 3 0.07157142857142856 0.357
397.25238 -367.52487 -503.8031 14 3 0.07157142857142856 0.357
409.85162 -384.1762 -522.7951 14 3 0.07157142857142856 0.357
422.37076 -400.89886 -541.60803 14 3 0.07157142857142856 0.357
434.751 -417.74203 -560.77075 14 3 0.07157142857142856 0.357
446.86267 -434.82642 -579.66705 14 3 0.07157142857142856 0.357
458.86966 -451.98978 -598.6905 14 3 0.07157142857142856 0.357
470.81558 -469.18167 -617.5537 14 3 0.07157142857142856 0.357
482.25128 -486.8466 -636.9005 14 3 0.07157142857142856 0.357
493.87158 -504.28244 -655.5988 14 3 0.07157142857142856 0.357
504.79825 -522.3793 -674.6622 14 3 0.07157142857142856 0.357
515.8829 -540.26013 -693.9746 14 3 0.07157142857142856 0.357
526.51025 -558.55927 -713.08777 14 3 0.07157142857142856 0.357
537.0912 -576.8415 -732.29004 14 3 0.07157142857142856 0.357
547.4361 -595.30237 -751.41925 14 3 0.07157142857142856 0.357
557.59155 -613.88727 -770.5819 14 3 0.07157142857142856 0.357
567.3789 -632.7903 -789.8656 14 3 0.07157142857142856 0.357
111.54269 56.485172 -291.06348 15 0 0.0 0.1427142857142857
130.94415 63.552277 -292.08298 15 0 0.0 0.1427142857142857
150.35475 70.46079 -293.00217 15 0 0.0 0.1427142857142857
169.79573 77.19647 -294.06302 15 0 0.0 0.1427142857142857
189.52194 83.64393 -294.86655 15 0 0.0 0.1427142857142857
209.13512 89.980736 -295.90195 15 0 0.0 0.1427142857142857
228.87495 96.09882 -296.7838 15 0 0.0 0.1427142857142857
248.43282 102.12552 -297.7191 15 0 0.0 0.1427142857142857
268.34247 107.83838 -298.69742 15 0 0.0 0.1427142857142857
288.11475 113.43624 -299.5884 15 0 0.0 0.1427142857142857
308.2906 118.70453 -300.62784 15 0 0.0 0.1427142857142857
328.30054 123.86514 -301.58035 15 0 0.0 0.1427142857142857
348.2751 128.86336 -302.67657 15 0 0.0 0.1427142857142857
368.28763 133.66933 -303.5942 15 0 0.0 0.1427142857142857
388.525 138.21509 -304.57996 15 0 0.0 0.1427142857142857
408.86566 142.54546 -305.36664 15 0 0.0 0.1427142857142857
429.12048 146.72495 -306.42368 15 0 0.0 0.1427142857142857
449.45187 150.69514 -307.47372 15 0 0.0 0.1427142857142857
469.9032 154.44118 -308.26764 15 0 0.0 0.1427142857142857
510.76056 161.38968 -310.31613 15 0 0.0 0.1427142857142857
531.3995 164.5154 -311.11774 15 0 0.0 0.1427142857142857
551.97784 167.47057 -312.10687 15 0 0.0 0.1427142857142857
572.6613 170.20285 -313.00916 15 0 0.0 0.1427142857142857
593.03094 172.83435 -314.05792 15 0 0.0 0.1427142857142857
613.9165 175.1208 -315.03152 15 0 0.0 0.1427142857142857
634.49066 177.30083 -315.81458 15 0 0.0 0.1427142857142857
655.432 179.18156 -316.89374 15 0 0.0 0.1427142857142857
676.1814 180.91733 -317.82666 15 0 0.0 0.1427142857142857
696.88275 182.46545 -318.86688 15 0 0.0 0.1427142857142857
717.9435 183.71916 -319.95764 15 0 0.0 0.1427142857142857
738.8434 184.81319 -320.73822 15 0 0.0 0.1427142857142857
759.58575 185.74234 -321.69498 15 0 0.0 0.1427142857142857
780.6331 186.39198 -322.6756 15 0 0.0 0.1427142857142857
801.7573 186.81897 -323.63443 15 0 0.0 0.1427142857142857
-105.18285 94.49057 191.11499 16 14 0.8572857142857143 1.0
-121.98533 106.855774 208.87878 16 14 0.8572857142857143 1.0
-138.84645 119.01637 226.40903 16 14 0.8572857142857143 1.0
-156.30074 130.46294 244.25027 16 14 0.8572857142857143 1.0
-174.54805 141.00732 261.80182 16 14 0.8572857142857143 1.0
-192.97362 151.1214 279.4972 16 14 0.8572857142857143 1.0
-212.20126 160.27745 297.7051 16 14 0.8572857142857143 1.0
-231.68687 168.86653 315.50235 16 14 0.8572857142857143 1.0
-251.44685 176.82878 333.49918 16 14 0.8572857142857143 1.0
-271.95505 183.79745 351.809 16 14 0.8572857142857143 1.0
-292.59113 190.16801 370.15262 16 14 0.8572857142857143 1.0
-313.76196 195.63039 388.46887 16 14 0.8572857142857143 1.0
-335.18494 200.32997 407.14917 16 14 0.8572857142857143 1.0
-356.84787 204.2287 425.92523 16 14 0.8572857142857143 1.0
-379.069 207.10738 444.73126 16 14 0.8572857142857143 1.0
-401.7017 209.02185 463.91507 16 14 0.8572857142857143 1.0
-424.6279 209.99904 483.14807 16 14 0.8572857142857143 1.0
-447.53723 210.1443 502.49826 16 14 0.8572857142857143 1.0
-470.62488 209.30724 522.3438 16 14 0.8572857142857143 1.0
-494.2263 207.29823 542.02966 16 14 0.8572857142857143 1.0
-517.9067 204.26503 562.2603 16 14 0.8572857142857143 1.0
-565.4001 194.93423 603.5065 16 14 0.8572857142857143 1.0
-589.55164 188.40793 624.4483 16 14 0.8572857142857143 1.0
-613.80884 180.63017 645.8778 16 14 0.8572857142857143 1.0
-637.8352 171.63322 667.71515 16 14 0.8572857142857143 1.0
-662.0515 161.22903 689.703 16 14 0.8572857142857143 1.0
-686.0771 149.44498 712.3932 16 14 0.8572857142857143 1.0
-710.05994 136.16508 735.5508 16 14 0.8572857142857143 1.0
-733.4885 121.39447 759.16644 16 14 0.8572857142857143 1.0
-757.44556 104.858315 783.4465 16 14 0.8572857142857143 1.0
-780.5288 86.67007 808.4066 16 14 0.8572857142857143 1.0
-803.25305 66.62243 834.025 16 14 0.8572857142857143 1.0
-825.4885 44.59117 860.7305 16 14 0.8572857142857143 1.0
-847.3111 20.42012 888.2319 16 14 0.8572857142857143 1.0
133.92462 66.83838 67.402725 17 9 0.5001428571428572 0.7855714285714286
151.44725 77.48077 47.764507 17 9 0.5001428571428572 0.7855714285714286
169.02844 88.27967 27.888765 17 9 0.5001428571428572 0.7855714285714286
186.57799 99.273506 8.59235 17 9 0.5001428571428572 0.7855714285714286
203.62416 110.711655 -10.96814 17 9 0.5001428571428572 0.7855714285714286
220.95547 122.16592 -30.637985 17 9 0.5001428571428572 0.7855714285714286
237.83716 134.03355 -50.381638 17 9 0.5001428571428572 0.7855714285714286
254.5959 146.13307 -69.96485 17 9 0.5001428571428572 0.7855714285714286
271.294 158.42375 -89.66107 17 9 0.5001428571428572 0.7855714285714286
287.79526 170.98016 -109.23092 17 9 0.5001428571428572 0.7855714285714286
303.97308 183.87653 -129.01372 17 9 0.5001428571428572 0.7855714285714286
336.18903 210.1755 -168.32767 17 9 0.5001428571428572 0.7855714285714286
351.68604 223.90758 -188.00386 17 9 0.5001428571428572 0.7855714285714286
367.41537 237.61952 -208.10231 17 9 0.5001428571428572 0.7855714285714286
382.95053 251.57501 -227.68289 17 9 0.5001428571428572 0.7855714285714286
397.97162 265.98453 -247.53328 17 9 0.5001428571428572 0.7855714285714286
413.035 280.47723 -267.4932 17 9 0.5001428571428572 0.7855714285714286
427.8335 295.25385 -287.28754 17 9 0.5001428571428572 0.7855714285714286
442.46103 310.24713 -307.00232 17 9 0.5001428571428572 0.7855714285714286
456.99673 325.39603 -326.9915 17 9 0.5001428571428572 0.7855714285714286
470.97696 341.0286 -347.17377 17 9 0.5001428571428572 0.7855714285714286
485.00458 356.70972 -367.0175 17 9 0.5001428571428572 0.7855714285714286
498.84824 372.59946 -387.076 17 9 0.5001428571428572 0.7855714285714286
512.3747 388.79388 -407.00943 17 9 0.5001428571428572 0.7855714285714286
525.80804 405.1199 -427.2092 17 9 0.5001428571428572 0.7855714285714286
538.788 421.85083 -447.41415 17 9 0.5001428571428572 0.7855714285714286
551.80066 438.6046 -467.50003 17 9 0.5001428571428572 0.7855714285714286
564.3955 455.73102 -487.57822 17 9 0.5001428571428572 0.7855714285714286
577.05524 472.83707 -507.84366 17 9 0.5001428571428572 0.7855714285714286
589.1629 490.4207 -527.89734 17 9 0.5001428571428572 0.7855714285714286
601.08 508.18378 -548.25793 17 9 0.5001428571428572 0.7855714285714286
612.7171 526.1967 -568.7439 17 9 0.5001428571428572 0.7855714285714286
624.3152 544.24615 -588.9014 17 9 0.5001428571428572 0.7855714285714286
635.4903 562.6588 -609.43976 17 9 0.5001428571428572 0.7855714285714286
-122.16837 84.86383 -278.57608 18 11 0.643 0.9284285714285714
-137.89908 98.35865 -289.78024 18 11 0.643 0.9284285714285714
-152.93489 112.508545 -301.06195 18 11 0.643 0.9284285714285714
-167.93436 126.82964 -312.40802 18 11 0.643 0.9284285714285714
-182.47572 141.62149 -323.65936 18 11 0.643 0.9284285714285714
-196.86598 156.6373 -335.05695 18 11 0.643 0.9284285714285714
-210.66125 172.21764 -346.13638 18 11 0.643 0.9284285714285714
-224.3581 187.95125 -357.8261 18 11 0.643 0.9284285714285714
-237.43645 204.25792 -369.1839 18 11 0.643 0.9284285714285714
-249.94809 221.0975 -380.43173 18 11 0.643 0.9284285714285714
-262.94748 237.51872 -391.75137 18 11 0.643 0.9284285714285714
-274.92462 254.85031 -403.29517 18 11 0.643 0.9284285714285714
-286.7943 272.25482 -414.84793 18 11 0.643 0.9284285714285714
-298.03528 290.2071 -426.51202 18 11 0.643 0.9284285714285714
-308.85553 308.50284 -437.8871 18 11 0.643 0.9284285714285714
-319.4799 326.89972 -449.59216 18 11 0.643 0.9284285714285714
-339.20935 364.87347 -472.977 18 11 0.643 0.9284285714285714
-348.46854 384.2633 -484.6218 18 11 0.643 0.9284285714285714
-357.22983 404.00378 -496.41382 18 11 0.643 0.9284285714285714
-365.53113 424.0389 -508.18243 18 11 0.643 0.9284285714285714
-373.3644 444.36157 -520.01636 18 11 0.643 0.9284285714285714
-380.622 465.08585 -531.80597 18 11 0.643 0.9284285714285714
-400.01697 528.15454 -568.0492 18 11 0.643 0.9284285714285714
-405.15045 550.1066 -579.9382 18 11 0.643 0.9284285714285714
-410.09225 571.85504 -592.3239 18 11 0.643 0.9284285714285714
-414.54303 593.768 -604.76245 18 11 0.643 0.9284285714285714
-418.13333 616.35974 -617.12256 18 11 0.643 0.9284285714285714
-421.3949 638.8375 -629.4092 18 11 0.643 0.9284285714285714
-423.9868 661.6769 -641.97675 18 11 0.643 0.9284285714285714
-427.46466 707.8759 -667.33746 18 11 0.643 0.9284285714285714
-428.1956 731.43243 -680.1266 18 11 0.643 0.9284285714285714
132.45514 3.1169658 490.4108 19 14 0.8572857142857143 1.0
152.92131 4.0105176 551.69794 19 14 0.8572857142857143 1.0
173.74237 4.773096 612.85724 19 14 0.8572857142857143 1.0
194.18427 5.4244123 674.23236 19 14 0.8572857142857143 1.0
214.7068 5.951895 735.79065 19 14 0.8572857142857143 1.0
235.33134 6.3548384 797.17523 19 14 0.8572857142857143 1.0
256.10867 6.6321034 858.44543 19 14 0.8572857142857143 1.0
276.63712 6.7941327 919.8753 19 14 0.8572857142857143 1.0
297.13605 6.83475 981.23956 19 14 0.8572857142857143 1.0
317.78513 6.7498646 1042.6147 19 14 0.8572857142857143 1.0
338.4202 6.5433855 1103.9475 19 14 0.8572857142857143 1.0
359.06656 6.2147365 1165.4576 19 14 0.8572857142857143 1.0
379.6738 5.7647 1226.8191 19 14 0.8572857142857143 1.0
400.38608 5.1910925 1288.4755 19 14 0.8572857142857143 1.0
420.88834 4.4979453 1349.9552 19 14 0.8572857142857143 1.0
441.50528 3.6810386 1411.3381 19 14 0.8572857142857143 1.0
461.93152 2.7429469 1472.5508 19 14 0.8572857142857143 1.0
482.66605 1.6804903 1534.2615 19 14 0.8572857142857143 1.0
523.89886 -0.810236 1657.0975 19 14 0.8572857142857143 1.0
565.2562 -3.7899022 1780.4108 19 14 0.8572857142857143 1.0
585.76807 -5.4645033 1842.0638 19 14 0.8572857142857143 1.0
626.78375 -9.182902 1964.9666 19 14 0.8572857142857143 1.0
647.42694 -11.22433 2026.5565 19 14 0.8572857142857143 1.0
668.1138 -13.387189 2088.307 19 14 0.8572857142857143 1.0
688.58734 -15.6769495 2149.7966 19 14 0.8572857142857143 1.0
709.22656 -18.085667 2211.4385 19 14 0.8572857142857143 1.0
729.67523 -20.62201 2273.1138 19 14 0.8572857142857143 1.0
750.24634 -23.277807 2334.93 19 14 0.8572857142857143 1.0
63.80995 -131.14558 -310.4149 20 11 0.643 0.9284285714285714
72.665306 -149.74599 -326.02597 20 11 0.643 0.9284285714285714
81.34375 -168.49089 -341.71536 20 11 0.643 0.9284285714285714
89.9629 -187.13506 -357.49506 20 11 0.643 0.9284285714285714
98.40003 -205.93092 -373.16022 20 11 0.643 0.9284285714285714
106.66341 -224.86092 -388.88553 20 11 0.643 0.9284285714285714
114.756355 -243.91772 -404.4852 20 11 0.643 0.9284285714285714
122.83616 -262.76465 -420.5069 20 11 0.643 0.9284285714285714
130.69896 -281.8331 -435.93384 20 11 0.643 0.9284285714285714
138.40411 -300.99612 -451.76416 20 11 0.643 0.9284285714285714
145.8799 -320.41 -467.35443 20 11 0.643 0.9284285714285714
153.4573 -339.34586 -483.20667 20 11 0.643 0.9284285714285714
160.7625 -358.62183 -498.90488 20 11 0.643 0.9284285714285714
167.89429 -378.02115 -514.5188 20 11 0.643 0.9284285714285714
174.8667 -397.51193 -530.43207 20 11 0.643 0.9284285714285714
181.68857 -417.07303 -545.8728 20 11 0.643 0.9284285714285714
188.4372 -436.52386 -561.8121 20 11 0.643 0.9284285714285714
195.02435 -456.06415 -577.61255 20 11 0.643 0.9284285714285714
201.34157 -475.94925 -593.363 20 11 0.643 0.9284285714285714
207.70161 -495.4397 -609.26483 20 11 0.643 0.9284285714285714
213.70364 -515.48615 -624.96967 20 11 0.643 0.9284285714285714
219.70082 -535.24207 -640.9165 20 11 0.643 0.9284285714285714
231.21962 -574.97784 -672.3629 20 11 0.643 0.9284285714285714
236.70155 -595.05493 -688.2923 20 11 0.643 0.9284285714285714
242.15045 -614.88684 -703.8299 20 11 0.643 0.9284285714285714
247.39868 -634.8923 -719.93365 20 11 0.643 0.9284285714285714
252.39566 -655.20465 -735.6063 20 11 0.643 0.9284285714285714
257.29074 -675.43866 -751.61993 20 11 0.643 0.9284285714285714
262.08163 -695.5941 -767.2075 20 11 0.643 0.9284285714285714
266.7568 -715.69556 -783.11633 20 11 0.643 0.9284285714285714
271.19174 -736.0757 -799.0467 20 11 0.643 0.9284285714285714
275.47812 -756.4886 -814.8171 20 11 0.643 0.9284285714285714
279.63956 -776.8664 -830.84814 20 11 0.643 0.9284285714285714
283.60403 -797.4064 -846.5815 20 11 0.643 0.9284285714285714
35.403915 131.20044 -161.95598 21 0 0.0 0.1427142857142857
44.342495 149.78815 -143.06578 21 0 0.0 0.1427142857142857
53.629406 168.31955 -124.39163 21 0 0.0 0.1427142857142857
63.340363 186.53842 -105.488396 21 0 0.0 0.1427142857142857
73.41782 204.6167 -86.78157 21 0 0.0 0.1427142857142857
83.87966 222.48894 -67.877815 21 0 0.0 0.1427142857142857
94.66199 240.30821 -49.18446 21 0 0.0 0.1427142857142857
105.93965 257.62033 -30.228687 21 0 0.0 0.1427142857142857
117.49268 274.9645 -11.503845 21 0 0.0 0.1427142857142857
129.46567 291.9772 7.469016 21 0 0.0 0.1427142857142857
141.70886 308.986 26.331953 21 0 0.0 0.1427142857142857
154.44658 325.4858 45.310326 21 0 0.0 0.1427142857142857
167.44429 341.97144 64.37171 21 0 0.0 0.1427142857142857
180.94487 357.9312 83.43218 21 0 0.0 0.1427142857142857
194.67229 373.91 102.49224 21 0 0.0 0.1427142857142857
208.82646 389.50104 121.64884 21 0 0.0 0.1427142857142857
223.24672 404.9963 140.8148 21 0 0.0 0.1427142857142857
253.29092 434.90778 179.30283 21 0 0.0 0.1427142857142857
268.8268 449.46375 198.60068 21 0 0.0 0.1427142857142857
300.95834 477.66623 237.5156 21 0 0.0 0.1427142857142857
317.63083 491.17383 256.96362 21 0 0.0 0.1427142857142857
334.33405 504.84433 276.42496 21 0 0.0 0.1427142857142857
351.67114 517.744 296.0677 21 0 0.0 0.1427142857142857
369.2696 530.4292 315.8599 21 0 0.0 0.1427142857142857
387.2173 542.75745 335.49353 21 0 0.0 0.1427142857142857
405.43762 554.8237 355.23337 21 0 0.0 0.1427142857142857
424.07684 566.4153 375.12598 21 0 0.0 0.1427142857142857
442.7762 577.99713 395.21555 21 0 0.0 0.1427142857142857
481.7214 599.2878 435.32718 21 0 0.0 0.1427142857142857
501.57278 609.4863 455.9318 21 0 0.0 0.1427142857142857
521.6977 619.33795 476.07367 21 0 0.0 0.1427142857142857
542.19824 628.70825 496.53848 21 0 0.0 0.1427142857142857
-142.53918 -26.520899 -10.4211035 22 13 0.7858571428571429 1.0
-163.0249 -29.325165 10.70825 22 13 0.7858571428571429 1.0
-183.57376 -31.97156 31.694702 22 13 0.7858571428571429 1.0
-204.04723 -34.483727 52.701515 22 13 0.7858571428571429 1.0
-224.5148 -36.848423 73.54819 22 13 0.7858571428571429 1.0
-245.14687 -39.03777 94.68038 22 13 0.7858571428571429 1.0
-265.49857 -41.122395 115.4709 22 13 0.7858571428571429 1.0
-286.09622 -43.01873 136.59586 22 13 0.7858571428571429 1.0
-306.45227 -44.800766 157.63232 22 13 0.7858571428571429 1.0
-327.07376 -46.392937 178.40889 22 13 0.7858571428571429 1.0
-347.58435 -47.84995 199.66748 22 13 0.7858571428571429 1.0
-368.44626 -49.10823 220.66998 22 13 0.7858571428571429 1.0
-388.7891 -50.28424 241.77618 22 13 0.7858571428571429 1.0
-409.34128 -51.279915 262.74048 22 13 0.7858571428571429 1.0
-429.9099 -52.120758 283.54456 22 13 0.7858571428571429 1.0
-450.74936 -52.776775 304.75333 22 13 0.7858571428571429 1.0
-471.36615 -53.306625 325.76077 22 13 0.7858571428571429 1.0
-492.11008 -53.669083 346.8562 22 13 0.7858571428571429 1.0
-513.0382 -53.859287 367.82465 22 13 0.7858571428571429 1.0
-533.23193 -53.971973 388.94714 22 13 0.7858571428571429 1.0
-554.1261 -53.85861 410.01312 22 13 0.7858571428571429 1.0
-574.7808 -53.61482 431.1325 22 13 0.7858571428571429 1.0
-595.48114 -53.211967 452.21796 22 13 0.7858571428571429 1.0
-616.3114 -52.643085 473.23203 22 13 0.7858571428571429 1.0
-636.65936 -51.95932 494.31476 22 13 0.7858571428571429 1.0
-657.692 -51.06412 515.4445 22 13 0.7858571428571429 1.0
-678.3969 -50.0399 536.6721 22 13 0.7858571428571429 1.0
-699.13153 -48.857594 557.6672 22 13 0.7858571428571429 1.0
-719.6469 -47.53374 579.0637 22 13 0.7858571428571429 1.0
-740.49554 -46.03121 599.9301 22 13 0.7858571428571429 1.0
-761.2716 -44.377323 621.1345 22 13 0.7858571428571429 1.0
-781.7283 -42.584454 642.268 22 13 0.7858571428571429 1.0
-802.41846 -40.620743 663.5561 22 13 0.7858571428571429 1.0
-823.43256 -38.484497 684.8452 22 13 0.7858571428571429 1.0
-844.0456 -36.210373 705.8868 22 13 0.7858571428571429 1.0
67.31348 116.89247 65.03254 23 3 0.07157142857142856 0.357
76.41752 135.35345 78.03646 23 3 0.07157142857142856 0.357
85.60515 153.80472 90.99006 23 3 0.07157142857142856 0.357
94.87946 172.24113 104.052605 23 3 0.07157142857142856 0.357
104.289894 190.572 117.10699 23 3 0.07157142857142856 0.357
113.83901 208.79065 130.17513 23 3 0.07157142857142856 0.357
123.5439 226.86433 143.22206 23 3 0.07157142857142856 0.357
133.16652 245.23015 156.36331 23 3 0.07157142857142856 0.357
143.04071 263.27335 169.3238 23 3 0.07157142857142856 0.357
153.05905 281.1908 182.2102 23 3 0.07157142857142856 0.357
163.08115 299.23972 195.6542 23 3 0.07157142857142856 0.357
173.22308 317.20572 208.5531 23 3 0.07157142857142856 0.357
183.4879 335.08252 221.59554 23 3 0.07157142857142856 0.357
193.86438 352.88995 234.728 23 3 0.07157142857142856 0.357
204.28741 370.7454 247.78926 23 3 0.07157142857142856 0.357
214.86714 388.44778 260.8513 23 3 0.07157142857142856 0.357
225.63283 405.94464 273.79462 23 3 0.07157142857142856 0.357
236.36137 423.63693 286.9615 23 3 0.07157142857142856 0.357
247.26855 441.13544 299.89798 23 3 0.07157142857142856 0.357
258.28098 458.57153 312.9804 23 3 0.07157142857142856 0.357
269.25827 476.19238 326.27927 23 3 0.07157142857142856 0.357
280.61115 493.27136 339.28305 23 3 0.07157142857142856 0.357
291.84146 510.68646 352.33948 23 3 0.07157142857142856 0.357
303.17273 528.0417 365.60477 23 3 0.07157142857142856 0.357
314.66348 545.2347 378.548 23 3 0.07157142857142856 0.357
326.3112 562.2707 391.67517 23 3 0.07157142857142856 0.357
338.07138 579.2264 404.72842 23 3 0.07157142857142856 0.357
349.87247 596.2234 417.86676 23 3 0.07157142857142856 0.357
361.8173 613.0848 430.9369 23 3 0.07157142857142856 0.357
373.85266 629.9006 444.17365 23 3 0.07157142857142856 0.357
385.88107 646.83295 457.26196 23 3 0.07157142857142856 0.357
398.1159 663.5226 470.39734 23 3 0.07157142857142856 0.357
410.51224 680.0459 483.52557 23 3 0.07157142857142856 0.357
422.9365 696.62396 496.56235 23 3 0.07157142857142856 0.357
435.2904 713.4148 509.92557 23 3 0.07157142857142856 0.357
24.826393 -138.51906 -503.72144 24 10 0.5715714285714286 0.857
28.617182 -158.73555 -590.25275 24 10 0.5715714285714286 0.857
32.101765 -179.06625 -676.9086 24 10 0.5715714285714286 0.857
35.27934 -199.50804 -763.69104 24 10 0.5715714285714286 0.857
38.15363 -220.03386 -850.2784 24 10 0.5715714285714286 0.857
43.062515 -260.88748 -1023.85187 24 10 0.5715714285714286 0.857
45.06299 -281.3896 -1110.7865 24 10 0.5715714285714286 0.857
46.716618 -302.21472 -1197.562 24 10 0.5715714285714286 0.857
48.055923 -323.1659 -1284.4331 24 10 0.5715714285714286 0.857
49.162033 -343.6775 -1371.6368 24 10 0.5715714285714286 0.857
49.94988 -364.29813 -1458.9282 24 10 0.5715714285714286 0.857
50.399708 -385.17783 -1546.2164 24 10 0.5715714285714286 0.857
50.556343 -405.97998 -1633.353 24 10 0.5715714285714286 0.857
50.40416 -426.8083 -1720.8849 24 10 0.5715714285714286 0.857
49.96875 -447.42166 -1808.5359 24 10 0.5715714285714286 0.857
49.179367 -468.43665 -1895.96 24 10 0.5715714285714286 0.857
48.10656 -489.1999 -1983.681 24 10 0.5715714285714286 0.857
46.680904 -510.39697 -2071.4893 24 10 0.5715714285714286 0.857
44.982983 -531.1633 -2159.453 24 10 0.5715714285714286 0.857
40.628036 -572.83093 -2335.7566 24 10 0.5715714285714286 0.857
-134.50635 62.154404 -324.00708 25 1 0.0 0.21414285714285713
-151.78201 73.78764 -339.73206 25 1 0.0 0.21414285714285713
-168.33472 86.18236 -355.1548 25 1 0.0 0.21414285714285713
-200.80153 112.4448 -386.52338 25 1 0.0 0.21414285714285713
-216.39178 126.445274 -402.30664 25 1 0.0 0.21414285714285713
-246.22583 156.14667 -433.72644 25 1 0.0 0.21414285714285713
-274.24393 188.01477 -465.46692 25 1 0.0 0.21414285714285713
-287.491 204.7689 -481.60675 25 1 0.0 0.21414285714285713
-300.2467 222.03175 -497.6393 25 1 0.0 0.21414285714285713
-312.43872 239.83507 -513.99255 25 1 0.0 0.21414285714285713
-324.02762 258.18976 -530.16943 25 1 0.0 0.21414285714285713
-335.0902 277.01266 -546.3843 25 1 0.0 0.21414285714285713
-345.6668 296.23947 -562.9955 25 1 0.0 0.21414285714285713
-355.69934 315.88443 -579.74115 25 1 0.0 0.21414285714285713
-364.78363 336.28384 -596.3324 25 1 0.0 0.21414285714285713
-373.37134 357.00677 -613.00476 25 1 0.0 0.21414285714285713
-381.2492 378.21515 -630.1716 25 1 0.0 0.21414285714285713
-388.4726 399.8199 -647.111 25 1 0.0 0.21414285714285713
-394.97726 421.84595 -664.416 25 1 0.0 0.21414285714285713
-400.5676 444.46793 -681.4779 25 1 0.0 0.21414285714285713
-405.5232 467.3396 -699.2141 25 1 0.0 0.21414285714285713
-409.59335 490.6939 -717.19196 25 1 0.0 0.21414285714285713
-412.8323 514.42126 -735.16394 25 1 0.0 0.21414285714285713
-415.04376 538.7179 -753.30804 25 1 0.0 0.21414285714285713
-416.63403 562.9971 -771.58594 25 1 0.0 0.21414285714285713
-416.94574 588.06805 -790.26605 25 1 0.0 0.21414285714285713
-416.43912 613.23773 -809.2652 25 1 0.0 0.21414285714285713
-414.9369 638.66327 -828.5911 25 1 0.0 0.21414285714285713
-412.29617 664.4737 -848.00824 25 1 0.0 0.21414285714285713
-408.41104 690.7566 -867.74347 25 1 0.0 0.21414285714285713
-397.1966 743.8204 -908.3499 25 1 0.0 0.21414285714285713
146.95772 -3.4245079 -50.33544 26 3 0.07157142857142856 0.357
167.26656 -3.3253517 -54.6693 26 3 0.07157142857142856 0.357
188.05357 -3.3681889 -58.7257 26 3 0.07157142857142856 0.357
208.74011 -3.5650785 -62.994656 26 3 0.07157142857142856 0.357
229.43034 -3.9137433 -67.1687 26 3 0.07157142857142856 0.357
249.99338 -4.4163566 -71.22321 26 3 0.07157142857142856 0.357
270.4062 -5.073669 -75.53041 26 3 0.07157142857142856 0.357
291.25583 -5.8745575 -79.65221 26 3 0.07157142857142856 0.357
311.79578 -6.833309 -83.75927 26 3 0.07157142857142856 0.357
332.16922 -7.948165 -87.96171 26 3 0.07157142857142856 0.357
352.8347 -9.208292 -92.05573 26 3 0.07157142857142856 0.357
373.4339 -10.621931 -96.24078 26 3 0.07157142857142856 0.357
393.9194 -12.19099 -100.48292 26 3 0.07157142857142856 0.357
414.52692 -13.908423 -104.53425 26 3 0.07157142857142856 0.357
435.1641 -15.776574 -108.806015 26 3 0.07157142857142856 0.357
455.7297 -17.799084 -113.14817 26 3 0.07157142857142856 0.357
476.22327 -19.976515 -117.417725 26 3 0.07157142857142856 0.357
496.9884 -22.294 -121.5533 26 3 0.07157142857142856 0.357
517.10297 -24.79319 -125.61928 26 3 0.07157142857142856 0.357
537.71124 -27.42161 -130.08243 26 3 0.07157142857142856 0.357
558.2772 -30.203585 -134.22496 26 3 0.07157142857142856 0.357
578.7594 -33.141758 -138.30818 26 3 0.07157142857142856 0.357
599.1572 -36.236828 -142.26389 26 3 0.07157142857142856 0.357
619.87537 -39.46369 -146.73366 26 3 0.07157142857142856 0.357
640.08936 -42.874264 -150.83505 26 3 0.07157142857142856 0.357
660.58466 -46.418148 -155.24457 26 3 0.07157142857142856 0.357
681.1245 -50.109795 -159.45201 26 3 0.07157142857142856 0.357
701.3554 -53.97576 -163.36288 26 3 0.07157142857142856 0.357
721.72473 -57.983017 -167.58282 26 3 0.07157142857142856 0.357
741.99396 -62.149906 -171.89996 26 3 0.07157142857142856 0.357
762.4846 -66.44919 -176.30795 26 3 0.07157142857142856 0.357
782.56604 -70.93549 -180.35634 26 3 0.07157142857142856 0.357
802.9572 -75.545135 -184.58603 26 3 0.07157142857142856 0.357
823.23944 -80.31548 -189.10767 26 3 0.07157142857142856 0.357
-136.05571 49.91587 9.690196 27 14 0.8572857142857143 1.0
-155.41869 56.97462 0.7198022 27 14 0.8572857142857143 1.0
-174.91313 63.72161 -8.648773 27 14 0.8572857142857143 1.0
-194.51477 70.16259 -17.995676 27 14 0.8572857142857143 1.0
-214.1223 76.330414 -27.072342 27 14 0.8572857142857143 1.0
-234.21631 82.051834 -36.279324 27 14 0.8572857142857143 1.0
-254.10909 87.56731 -45.54871 27 14 0.8572857142857143 1.0
-274.08115 92.773415 -54.753887 27 14 0.8572857142857143 1.0
-294.27667 97.61881 -64.13897 27 14 0.8572857142857143 1.0
-314.49997 102.166565 -73.24604 27 14 0.8572857142857143 1.0
-334.84424 106.38269 -82.56716 27 14 0.8572857142857143 1.0
-355.08832 110.33347 -91.91902 27 14 0.8572857142857143 1.0
-375.91928 113.80361 -101.158 27 14 0.8572857142857143 1.0
-396.50793 117.046425 -110.27253 27 14 0.8572857142857143 1.0
-417.09375 119.98276 -119.93375 27 14 0.8572857142857143 1.0
-437.73853 122.590515 -129.10202 27 14 0.8572857142857143 1.0
-458.6385 124.81301 -138.46901 27 14 0.8572857142857143 1.0
-479.54892 126.716385 -147.78522 27 14 0.8572857142857143 1.0
-500.42444 128.3081 -157.1243 27 14 0.8572857142857143 1.0
-521.3279 129.56732 -166.38133 27 14 0.8572857142857143 1.0
-542.3597 130.46631 -175.93019 27 14 0.8572857142857143 1.0
-563.60254 130.9847 -185.09224 27 14 0.8572857142857143 1.0
-584.7332 131.19606 -194.5896 27 14 0.8572857142857143 1.0
-605.8144 131.08015 -204.03789 27 14 0.8572857142857143 1.0
-626.8552 130.62997 -213.72237 27 14 0.8572857142857143 1.0
-648.247 129.76242 -223.15836 27 14 0.8572857142857143 1.0
-669.61646 128.55403 -232.4932 27 14 0.8572857142857143 1.0
-712.2712 125.101456 -251.78668 27 14 0.8572857142857143 1.0
-733.5864 122.84399 -261.3595 27 14 0.8572857142857143 1.0
-754.8242 120.23879 -271.05206 27 14 0.8572857142857143 1.0
-776.33673 117.22759 -280.7033 27 14 0.8572857142857143 1.0
-797.49805 113.90351 -289.99014 27 14 0.8572857142857143 1.0
-818.8566 110.1811 -299.6888 27 14 0.8572857142857143 1.0
-840.3621 106.068756 -309.5588 27 14 0.8572857142857143 1.0
-90.6517 -115.89047 -249.02054 28 13 0.7858571428571429 1.0
-104.26285 -131.36229 -261.43326 28 13 0.7858571428571429 1.0
-118.02605 -146.70192 -273.78622 28 13 0.7858571428571429 1.0
-132.01651 -161.81523 -286.34058 28 13 0.7858571428571429 1.0
-146.02563 -176.95634 -298.7362 28 13 0.7858571428571429 1.0
-160.29391 -191.82965 -311.27264 28 13 0.7858571428571429 1.0
-174.72159 -206.55579 -323.62167 28 13 0.7858571428571429 1.0
-189.17148 -221.29366 -336.16348 28 13 0.7858571428571429 1.0
-203.71857 -235.9496 -348.80078 28 13 0.7858571428571429 1.0
-218.57396 -250.2782 -361.0825 28 13 0.7858571428571429 1.0
-233.44458 -264.61542 -373.6001 28 13 0.7858571428571429 1.0
-248.60722 -278.64444 -386.21786 28 13 0.7858571428571429 1.0
-263.81665 -292.64044 -398.76456 28 13 0.7858571428571429 1.0
-294.6744 -320.18796 -423.80713 28 13 0.7858571428571429 1.0
-310.35898 -333.69687 -436.2651 28 13 0.7858571428571429 1.0
-326.0718 -347.17926 -448.55557 28 13 0.7858571428571429 1.0
-342.06232 -360.36673 -461.1939 28 13 0.7858571428571429 1.0
-358.11105 -373.49066 -473.63934 28 13 0.7858571428571429 1.0
-374.25165 -386.51187 -486.16257 28 13 0.7858571428571429 1.0
-390.51477 -399.3957 -498.7155 28 13 0.7858571428571429 1.0
-406.9149 -412.12503 -511.48264 28 13 0.7858571428571429 1.0
-423.4383 -424.71182 -524.08984 28 13 0.7858571428571429 1.0
-440.287 -436.95328 -536.4455 28 13 0.7858571428571429 1.0
-457.11472 -449.19336 -549.218 28 13 0.7858571428571429 1.0
-474.0639 -461.28705 -561.57623 28 13 0.7858571428571429 1.0
-491.06592 -473.29822 -574.34436 28 13 0.7858571428571429 1.0
-508.21893 -485.12906 -586.86206 28 13 0.7858571428571429 1.0
-525.75916 -496.55508 -599.67706 28 13 0.7858571428571429 1.0
-543.2871 -507.95526 -612.312 28 13 0.7858571428571429 1.0
-560.7406 -519.3812 -624.9614 28 13 0.7858571428571429 1.0
-578.46484 -530.50903 -637.42346 28 13 0.7858571428571429 1.0
-596.31757 -541.4698 -650.231 28 13 0.7858571428571429 1.0
-614.18787 -552.3614 -662.973 28 13 0.7858571428571429 1.0
-632.3257 -562.9564 -675.5985 28 13 0.7858571428571429 1.0
4.963868 145.09723 -129.53355 29 13 0.7858571428571429 1.0
4.389672 165.60916 -125.28396 29 13 0.7858571428571429 1.0
3.5758412 186.27864 -120.93646 29 13 0.7858571428571429 1.0
2.527639 206.94502 -116.78035 29 13 0.7858571428571429 1.0
1.2456049 227.4819 -112.3297 29 13 0.7858571428571429 1.0
-0.27301762 247.72838 -108.19193 29 13 0.7858571428571429 1.0
-2.027305 268.53986 -103.86463 29 13 0.7858571428571429 1.0
-4.015449 289.2569 -99.46625 29 13 0.7858571428571429 1.0
-6.2454553 309.56598 -95.33729 29 13 0.7858571428571429 1.0
-8.707419 330.12402 -90.844536 29 13 0.7858571428571429 1.0
-11.401103 350.78815 -86.80043 29 13 0.7858571428571429 1.0
-14.344283 371.04025 -82.39519 29 13 0.7858571428571429 1.0
-17.504086 391.77612 -78.270065 29 13 0.7858571428571429 1.0
-20.915789 412.11963 -73.813225 29 13 0.7858571428571429 1.0
-28.440424 452.92026 -65.32345 29 13 0.7858571428571429 1.0
-32.555016 473.3183 -60.962734 29 13 0.7858571428571429 1.0
-36.92517 493.42807 -56.653065 29 13 0.7858571428571429 1.0
-41.51528 513.7465 -52.242603 29 13 0.7858571428571429 1.0
-46.352654 533.9077 -47.879692 29 13 0.7858571428571429 1.0
-51.38976 554.44653 -43.815754 29 13 0.7858571428571429 1.0
-56.71857 574.3548 -39.32107 29 13 0.7858571428571429 1.0
-62.24806 594.60187 -35.21336 29 13 0.7858571428571429 1.0
-68.04587 614.5136 -30.86924 29 13 0.7858571428571429 1.0
-74.06125 634.56836 -26.591536 29 13 0.7858571428571429 1.0
-80.28773 654.7899 -22.133432 29 13 0.7858571428571429 1.0
-86.79015 674.6427 -17.720385 29 13 0.7858571428571429 1.0
-93.53415 694.42303 -13.517716 29 13 0.7858571428571429 1.0
-100.5017 714.26 -9.153129 29 13 0.7858571428571429 1.0
-107.72394 733.9262 -4.873453 29 13 0.7858571428571429 1.0
-115.179085 753.57605 -0.3183634 29 13 0.7858571428571429 1.0
-122.83903 773.3799 3.9728327 29 13 0.7858571428571429 1.0
-130.77614 792.8736 8.494735 29 13 0.7858571428571429 1.0
-138.95557 812.28546 12.771866 29 13 0.7858571428571429 1.0
-147.36479 831.6861 17.23136 29 13 0.7858571428571429 1.0
126.45003 -29.49481 615.6465 30 4 0.143 0.4284285714285714
146.72336 -33.108593 677.29944 30 4 0.143 0.4284285714285714
166.94229 -36.89941 738.6355 30 4 0.143 0.4284285714285714
187.26167 -40.83296 800.3895 30 4 0.143 0.4284285714285714
207.45627 -44.958435 861.8658 30 4 0.143 0.4284285714285714
227.46432 -49.288464 923.4448 30 4 0.143 0.4284285714285714
247.44524 -53.788303 985.00665 30 4 0.143 0.4284285714285714
267.71204 -58.389576 1046.387 30 4 0.143 0.4284285714285714
287.7149 -63.211433 1108.1624 30 4 0.143 0.4284285714285714
307.77536 -68.18336 1169.4911 30 4 0.143 0.4284285714285714
327.79456 -73.32651 1231.1837 30 4 0.143 0.4284285714285714
347.94067 -78.60247 1292.7483 30 4 0.143 0.4284285714285714
367.53488 -84.16488 1354.3962 30 4 0.143 0.4284285714285714
407.3076 -95.639275 1477.8395 30 4 0.143 0.4284285714285714
427.204 -101.6134 1539.5013 30 4 0.143 0.4284285714285714
446.85666 -107.8047 1601.1783 30 4 0.143 0.4284285714285714
466.38022 -114.18674 1662.8765 30 4 0.143 0.4284285714285714
486.22986 -120.64702 1724.7095 30 4 0.143 0.4284285714285714
505.74228 -127.3482 1786.1669 30 4 0.143 0.4284285714285714
525.435 -134.16077 1848.4116 30 4 0.143 0.4284285714285714
544.81464 -141.20969 1910.289 30 4 0.143 0.4284285714285714
564.3278 -148.38 1972.0768 30 4 0.143 0.4284285714285714
583.79834 -155.7162 2033.9762 30 4 0.143 0.4284285714285714
622.4804 -170.92003 2157.842 30 4 0.143 0.4284285714285714
641.59125 -178.8156 2220.0115 30 4 0.143 0.4284285714285714
660.8442 -186.82434 2282.1035 30 4 0.143 0.4284285714285714
679.7881 -195.0728 2343.8523 30 4 0.143 0.4284285714285714
-123.25777 15.979095 -746.1178 31 8 0.4287142857142857 0.7141428571428571
-143.30708 20.368418 -892.8942 31 8 0.4287142857142857 0.7141428571428571
-163.55905 24.87095 -1039.965 31 8 0.4287142857142857 0.7141428571428571
-183.58478 29.54901 -1186.8013 31 8 0.4287142857142857 0.7141428571428571
-203.54765 34.379837 -1333.6597 31 8 0.4287142857142857 0.7141428571428571
-223.75159 39.310253 -1480.7015 31 8 0.4287142857142857 0.7141428571428571
-243.60667 44.442116 -1627.8712 31 8 0.4287142857142857 0.7141428571428571
-263.5099 49.706333 -1774.7134 31 8 0.4287142857142857 0.7141428571428571
-283.31586 55.12932 -1921.6852 31 8 0.4287142857142857 0.7141428571428571
-303.1487 60.686962 -2069.0356 31 8 0.4287142857142857 0.7141428571428571
-323.06155 66.36697 -2216.073 31 8 0.4287142857142857 0.7141428571428571
-342.8875 72.20235 -2363.3276 31 8 0.4287142857142857 0.7141428571428571
3.8504362 143.56593 -58.00113 32 9 0.5001428571428572 0.7855714285714286
4.7610593 184.8551 -133.09978 32 9 0.5001428571428572 0.7855714285714286
5.5376186 205.50975 -170.93723 32 9 0.5001428571428572 0.7855714285714286
6.5335035 225.98694 -208.79071 32 9 0.5001428571428572 0.7855714285714286
7.741059 246.5705 -246.25603 32 9 0.5001428571428572 0.7855714285714286
9.162237 267.18088 -283.97186 32 9 0.5001428571428572 0.7855714285714286
12.646652 308.42285 -359.44974 32 9 0.5001428571428572 0.7855714285714286
14.710101 329.04163 -397.18384 32 9 0.5001428571428572 0.7855714285714286
17.000704 349.38837 -435.016 32 9 0.5001428571428572 0.7855714285714286
19.496649 369.93625 -472.9709 32 9 0.5001428571428572 0.7855714285714286
22.20351 390.54092 -510.5795 32 9 0.5001428571428572 0.7855714285714286
25.134792 410.96588 -548.53357 32 9 0.5001428571428572 0.7855714285714286
31.628763 451.99387 -624.12036 32 9 0.5001428571428572 0.7855714285714286
35.229828 472.05252 -662.0864 32 9 0.5001428571428572 0.7855714285714286
38.998245 492.7399 -700.0139 32 9 0.5001428571428572 0.7855714285714286
43.002575 513.12915 -738.1226 32 9 0.5001428571428572 0.7855714285714286
47.226242 533.44965 -775.742 32 9 0.5001428571428572 0.7855714285714286
51.67524 553.6426 -813.83813 32 9 0.5001428571428572 0.7855714285714286
56.33082 573.91254 -851.78424 32 9 0.5001428571428572 0.7855714285714286
61.226597 593.91705 -890.02576 32 9 0.5001428571428572 0.7855714285714286
71.59447 634.5261 -966.2461 32 9 0.5001428571428572 0.7855714285714286
77.10321 654.75824 -1004.3595 32 9 0.5001428571428572 0.7855714285714286
82.83568 674.8838 -1042.5503 32 9 0.5001428571428572 0.7855714285714286
88.80458 694.8099 -1080.685 32 9 0.5001428571428572 0.7855714285714286
94.99133 714.6933 -1118.9434 32 9 0.5001428571428572 0.7855714285714286
101.35064 734.8611 -1157.2982 32 9 0.5001428571428572 0.7855714285714286
107.9641 754.7065 -1195.6096 32 9 0.5001428571428572 0.7855714285714286
114.77379 774.6475 -1234.0265 32 9 0.5001428571428572 0.7855714285714286
121.83606 794.3009 -1272.1504 32 9 0.5001428571428572 0.7855714285714286
129.09395 814.04785 -1310.634 32 9 0.5001428571428572 0.7855714285714286
136.5811 833.6678 -1348.985 32 9 0.5001428571428572 0.7855714285714286
135.8365 -31.376429 175.51595 33 6 0.2858571428571428 0.5712857142857143
155.27309 -37.00256 186.0174 33 6 0.2858571428571428 0.5712857142857143
175.25359 -42.63138 197.0313 33 6 0.2858571428571428 0.5712857142857143
194.92422 -48.465405 207.73038 33 6 0.2858571428571428 0.5712857142857143
214.58498 -54.432358 218.18993 33 6 0.2858571428571428 0.5712857142857143
234.16379 -60.55001 229.08253 33 6 0.2858571428571428 0.5712857142857143
253.96735 -66.73798 239.81892 33 6 0.2858571428571428 0.5712857142857143
273.66507 -73.08066 250.3836 33 6 0.2858571428571428 0.5712857142857143
292.96704 -79.6573 261.3402 33 6 0.2858571428571428 0.5712857142857143
312.74023 -86.232956 272.18042 33 6 0.2858571428571428 0.5712857142857143
332.15665 -93.03258 282.72598 33 6 0.2858571428571428 0.5712857142857143
351.48856 -99.98238 293.57733 33 6 0.2858571428571428 0.5712857142857143
371.03833 -106.99524 304.2619 33 6 0.2858571428571428 0.5712857142857143
390.33084 -114.20654 315.18784 33 6 0.2858571428571428 0.5712857142857143
409.55334 -121.56294 325.90588 33 6 0.2858571428571428 0.5712857142857143
447.97745 -136.65297 347.3852 33 6 0.2858571428571428 0.5712857142857143
467.13043 -144.39981 358.1067 33 6 0.2858571428571428 0.5712857142857143
486.4066 -152.22963 368.7767 33 6 0.2858571428571428 0.5712857142857143
505.3877 -160.27257 379.73923 33 6 0.2858571428571428 0.5712857142857143
524.3725 -168.43521 390.4743 33 6 0.2858571428571428 0.5712857142857143
543.34686 -176.7211 401.12125 33 6 0.2858571428571428 0.5712857142857143
562.24097 -185.15231 412.1235 33 6 0.2858571428571428 0.5712857142857143
581.18787 -193.68436 422.70245 33 6 0.2858571428571428 0.5712857142857143
599.66156 -202.49309 433.6508 33 6 0.2858571428571428 0.5712857142857143
618.6094 -211.25961 444.32178 33 6 0.2858571428571428 0.5712857142857143
637.4001 -220.19519 455.0623 33 6 0.2858571428571428 0.5712857142857143
656.0187 -229.30586 465.9298 33 6 0.2858571428571428 0.5712857142857143
674.3538 -238.63205 476.7235 33 6 0.2858571428571428 0.5712857142857143
692.89166 -248.00204 487.59357 33 6 0.2858571428571428 0.5712857142857143
711.2841 -257.5382 498.26874 33 6 0.2858571428571428 0.5712857142857143
729.7887 -267.1469 509.10025 33 6 0.2858571428571428 0.5712857142857143
748.0996 -276.93875 520.08044 33 6 0.2858571428571428 0.5712857142857143
766.29047 -286.8874 530.8289 33 6 0.2858571428571428 0.5712857142857143
784.5123 -296.93588 541.7273 33 6 0.2858571428571428 0.5712857142857143
21.020731 135.76418 118.316246 34 10 0.5715714285714286 0.857
22.461489 156.73079 122.950455 34 10 0.5715714285714286 0.857
23.202679 177.37819 127.41222 34 10 0.5715714285714286 0.857
22.32223 219.2718 136.45438 34 10 0.5715714285714286 0.857
20.735434 240.03477 140.71922 34 10 0.5715714285714286 0.857
18.324194 261.2115 145.54677 34 10 0.5715714285714286 0.857
15.126617 282.2922 149.92822 34 10 0.5715714285714286 0.857
11.13315 303.1873 154.63028 34 10 0.5715714285714286 0.857
6.3270473 323.91757 159.22084 34 10 0.5715714285714286 0.857
0.6934561 344.84082 163.87349 34 10 0.5715714285714286 0.857
-5.766231 365.65085 168.61725 34 10 0.5715714285714286 0.857
-13.067934 386.1256 173.29315 34 10 0.5715714285714286 0.857
-21.216759 406.53244 177.88138 34 10 0.5715714285714286 0.857
-30.213411 426.90097 182.86548 34 10 0.5715714285714286 0.857
-40.09807 446.77475 187.46896 34 10 0.5715714285714286 0.857
-50.845894 466.5967 192.56372 34 10 0.5715714285714286 0.857
-62.4942 486.0455 197.27272 34 10 0.5715714285714286 0.857
-75.028595 505.30374 202.15407 34 10 0.5715714285714286 0.857
-88.46352 524.28326 207.06656 34 10 0.5715714285714286 0.857
-102.84634 542.7461 212.52818 34 10 0.5715714285714286 0.857
-118.13153 560.9778 217.39833 34 10 0.5715714285714286 0.857
-134.3774 578.6994 222.62674 34 10 0.5715714285714286 0.857
-151.64854 595.6898 227.73952 34 10 0.5715714285714286 0.857
-169.83282 612.426 233.04538 34 10 0.5715714285714286 0.857
-189.0394 628.4899 238.52682 34 10 0.5715714285714286 0.857
-209.2039 644.1049 243.8884 34 10 0.5715714285714286 0.857
-230.50334 658.7269 249.395 34 10 0.5715714285714286 0.857
-252.737 672.9493 255.21564 34 10 0.5715714285714286 0.857
-276.19345 685.9788 261.10257 34 10 0.5715714285714286 0.857
-300.71667 698.2377 266.8439 34 10 0.5715714285714286 0.857
-326.2968 709.70844 272.86115 34 10 0.5715714285714286 0.857
-353.13007 719.93304 279.09662 34 10 0.5715714285714286 0.857
-381.02026 729.28845 285.60907 34 10 0.5715714285714286 0.857
-410.1974 737.2673 291.99646 34 10 0.5715714285714286 0.857
-123.93682 -83.14505 64.67175 35 10 0.5715714285714286 0.857
-140.38112 -95.6458 61.53097 35 10 0.5715714285714286 0.857
-156.46013 -108.48234 57.920574 35 10 0.5715714285714286 0.857
-172.52325 -121.41427 54.806335 35 10 0.5715714285714286 0.857
-204.21223 -147.82333 47.888004 35 10 0.5715714285714286 0.857
-219.81029 -161.3173 44.476887 35 10 0.5715714285714286 0.857
-235.19981 -175.03531 41.02691 35 10 0.5715714285714286 0.857
-250.69502 -188.74052 37.916954 35 10 0.5715714285714286 0.857
-265.8219 -202.78523 34.458282 35 10 0.5715714285714286 0.857
-295.85165 -231.22144 27.651503 35 10 0.5715714285714286 0.857
-310.52335 -245.78743 24.337328 35 10 0.5715714285714286 0.857
-325.18768 -260.4081 20.802862 35 10 0.5715714285714286 0.857
-339.56094 -275.30716 17.43988 35 10 0.5715714285714286 0.857
-368.1 -305.39493 10.558901 35 10 0.5715714285714286 0.857
-382.02887 -320.77304 7.1778097 35 10 0.5715714285714286 0.857
-395.93723 -336.19827 3.6367726 35 10 0.5715714285714286 0.857
-409.68115 -351.7878 0.33507356 35 10 0.5715714285714286 0.857
-423.29852 -367.5066 -2.8995676 35 10 0.5715714285714286 0.857
-436.4772 -383.62537 -6.5001264 35 10 0.5715714285714286 0.857
-462.8074 -415.9282 -13.342007 35 10 0.5715714285714286 0.857
-475.60995 -432.41507 -16.555891 35 10 0.5715714285714286 0.857
-488.405 -448.91006 -20.141937 35 10 0.5715714285714286 0.857
-500.85373 -465.7206 -23.535147 35 10 0.5715714285714286 0.857
-513.3291 -482.49902 -26.952679 35 10 0.5715714285714286 0.857
-525.264 -499.77567 -30.19838 35 10 0.5715714285714286 0.857
-537.4593 -516.78955 -33.79277 35 10 0.5715714285714286 0.857
-549.2228 -534.1971 -37.27575 35 10 0.5715714285714286 0.857
-560.96124 -551.60394 -40.700573 35 10 0.5715714285714286 0.857
-572.36346 -569.31177 -44.288834 35 10 0.5715714285714286 0.857
-583.6749 -587.0762 -47.663715 35 10 0.5715714285714286 0.857
-594.6352 -605.1562 -50.882526 35 10 0.5715714285714286 0.857
-104.99387 32.015194 3.403875 36 5 0.21442857142857144 0.4998571428571429
-125.496506 33.897087 20.762154 36 5 0.21442857142857144 0.4998571428571429
-146.41988 35.14008 37.82742 36 5 0.21442857142857144 0.4998571428571429
-167.1076 35.907234 54.86306 36 5 0.21442857142857144 0.4998571428571429
-187.85797 36.11377 72.12639 36 5 0.21442857142857144 0.4998571428571429
-208.44699 35.794277 89.231575 36 5 0.21442857142857144 0.4998571428571429
-229.71005 34.80559 106.42557 36 5 0.21442857142857144 0.4998571428571429
-271.28247 31.290552 140.89984 36 5 0.21442857142857144 0.4998571428571429
-291.85666 28.693916 158.30978 36 5 0.21442857142857144 0.4998571428571429
-312.69553 25.49025 175.68257 36 5 0.21442857142857144 0.4998571428571429
-333.61032 21.702126 193.11136 36 5 0.21442857142857144 0.4998571428571429
-354.3163 17.344786 210.59216 36 5 0.21442857142857144 0.4998571428571429
-374.94623 12.402129 228.22186 36 5 0.21442857142857144 0.4998571428571429
-395.60086 6.8678646 245.69958 36 5 0.21442857142857144 0.4998571428571429
-416.24158 0.74294734 263.1864 36 5 0.21442857142857144 0.4998571428571429
-436.62988 -5.97614 281.20834 36 5 0.21442857142857144 0.4998571428571429
-456.84125 -13.2977705 299.01813 36 5 0.21442857142857144 0.4998571428571429
-476.99274 -21.223034 316.73495 36 5 0.21442857142857144 0.4998571428571429
-497.03436 -29.755066 334.765 36 5 0.21442857142857144 0.4998571428571429
-516.9671 -38.895462 352.87323 36 5 0.21442857142857144 0.4998571428571429
-536.87823 -48.637146 370.94492 36 5 0.21442857142857144 0.4998571428571429
-556.5137 -59.00301 389.30652 36 5 0.21442857142857144 0.4998571428571429
-575.71967 -70.018616 407.72488 36 5 0.21442857142857144 0.4998571428571429
-594.9203 -81.63896 426.29523 36 5 0.21442857142857144 0.4998571428571429
-613.9777 -93.87757 444.99692 36 5 0.21442857142857144 0.4998571428571429
-632.58813 -106.78359 463.6554 36 5 0.21442857142857144 0.4998571428571429
-651.09735 -120.30446 482.48093 36 5 0.21442857142857144 0.4998571428571429
-669.2036 -134.49455 501.5248 36 5 0.21442857142857144 0.4998571428571429
-686.972 -149.34691 520.9141 36 5 0.21442857142857144 0.4998571428571429
-704.2636 -164.89694 539.986 36 5 0.21442857142857144 0.4998571428571429
-721.8397 -180.96251 559.57587 36 5 0.21442857142857144 0.4998571428571429
-738.6683 -197.78862 579.24304 36 5 0.21442857142857144 0.4998571428571429
-755.20325 -215.26567 599.0448 36 5 0.21442857142857144 0.4998571428571429
-771.3998 -233.40218 619.3241 36 5 0.21442857142857144 0.4998571428571429
61.70978 -107.61763 -277.52695 37 0 0.0 0.1427142857142857
75.42608 -123.094765 -276.22345 37 0 0.0 0.1427142857142857
119.62107 -167.23354 -272.89825 37 0 0.0 0.1427142857142857
135.34511 -181.09174 -271.74704 37 0 0.0 0.1427142857142857
151.67331 -194.3286 -270.788 37 0 0.0 0.1427142857142857
168.26048 -207.35562 -269.40576 37 0 0.0 0.1427142857142857
203.513 -231.05025 -267.27966 37 0 0.0 0.1427142857142857
221.7948 -242.136 -265.9778 37 0 0.0 0.1427142857142857
240.50627 -252.67578 -264.8373 37 0 0.0 0.1427142857142857
259.55377 -262.73068 -263.59683 37 0 0.0 0.1427142857142857
279.25998 -271.94342 -262.41855 37 0 0.0 0.1427142857142857
299.34467 -280.57047 -261.32205 37 0 0.0 0.1427142857142857
319.85135 -288.5356 -260.0264 37 0 0.0 0.1427142857142857
340.75366 -295.83026 -259.00818 37 0 0.0 0.1427142857142857
362.0199 -302.44714 -257.7796 37 0 0.0 0.1427142857142857
383.85806 -308.1829 -256.3645 37 0 0.0 0.1427142857142857
405.91818 -313.29123 -255.17911 37 0 0.0 0.1427142857142857
428.26474 -317.67517 -253.93454 37 0 0.0 0.1427142857142857
451.10016 -321.14798 -252.75587 37 0 0.0 0.1427142857142857
474.39072 -323.70795 -251.55103 37 0 0.0 0.1427142857142857
497.7596 -325.57312 -250.22296 37 0 0.0 0.1427142857142857
545.8189 -326.32632 -247.49982 37 0 0.0 0.1427142857142857
570.1722 -325.34476 -246.36113 37 0 0.0 0.1427142857142857
594.6139 -323.45966 -245.07172 37 0 0.0 0.1427142857142857
619.5069 -320.4216 -243.69186 37 0 0.0 0.1427142857142857
644.7908 -316.2262 -242.28221 37 0 0.0 0.1427142857142857
669.92474 -311.08392 -240.84186 37 0 0.0 0.1427142857142857
695.14795 -304.8049 -239.37537 37 0 0.0 0.1427142857142857
720.9273 -297.1281 -237.9253 37 0 0.0 0.1427142857142857
746.66907 -288.248 -236.32141 37 0 0.0 0.1427142857142857
772.45386 -278.05087 -235.02527 37 0 0.0 0.1427142857142857
-121.46188 -86.64299 -114.58329 38 10 0.5715714285714286 0.857
-136.35297 -100.97962 -144.28078 38 10 0.5715714285714286 0.857
-150.89693 -115.73717 -174.15149 38 10 0.5715714285714286 0.857
-165.06355 -130.92082 -203.89163 38 10 0.5715714285714286 0.857
-178.9406 -146.44118 -233.99373 38 10 0.5715714285714286 0.857
-192.37129 -162.40466 -263.74677 38 10 0.5715714285714286 0.857
-205.5131 -178.65915 -293.87677 38 10 0.5715714285714286 0.857
-217.86908 -195.62144 -323.96768 38 10 0.5715714285714286 0.857
-229.95811 -212.82146 -354.0922 38 10 0.5715714285714286 0.857
-241.67491 -230.32515 -384.44598 38 10 0.5715714285714286 0.857
-252.65894 -248.45927 -414.6628 38 10 0.5715714285714286 0.857
-263.2025 -266.93015 -445.2733 38 10 0.5715714285714286 0.857
-273.4625 -285.54858 -475.9322 38 10 0.5715714285714286 0.857
-282.99728 -304.74762 -506.68768 38 10 0.5715714285714286 0.857
-291.96292 -324.3518 -537.5449 38 10 0.5715714285714286 0.857
-300.46616 -344.21976 -568.4818 38 10 0.5715714285714286 0.857
-308.52856 -364.2932 -599.691 38 10 0.5715714285714286 0.857
-315.86853 -384.87683 -631.19324 38 10 0.5715714285714286 0.857
-322.5627 -405.8647 -662.75366 38 10 0.5715714285714286 0.857
-328.75833 -427.04514 -694.3362 38 10 0.5715714285714286 0.857
-334.40546 -448.44333 -726.1569 38 10 0.5715714285714286 0.857
-339.41528 -470.14218 -758.4307 38 10 0.5715714285714286 0.857
-343.69067 -492.24857 -790.68475 38 10 0.5715714285714286 0.857
-347.20273 -514.7831 -822.8475 38 10 0.5715714285714286 0.857
-350.19598 -537.34955 -855.7552 38 10 0.5715714285714286 0.857
-352.56406 -560.0522 -888.93134 38 10 0.5715714285714286 0.857
-354.01575 -583.3157 -922.02625 38 10 0.5715714285714286 0.857
-354.72067 -606.8413 -955.58435 38 10 0.5715714285714286 0.857
-354.9068 -630.1794 -989.47876 38 10 0.5715714285714286 0.857
-354.15942 -653.99493 -1023.59924 38 10 0.5715714285714286 0.857
-352.60382 -678.0248 -1058.2423 38 10 0.5715714285714286 0.857
-350.28662 -702.11755 -1093.0609 38 10 0.5715714285714286 0.857
-347.01913 -726.5867 -1128.3354 38 10 0.5715714285714286 0.857
-338.03235 -775.55725 -1200.1082 38 10 0.5715714285714286 0.857
141.10655 -50.51228 -299.69934 39 13 0.7858571428571429 1.0
160.41907 -57.810455 -319.05807 39 13 0.7858571428571429 1.0
179.40846 -65.33518 -338.65787 39 13 0.7858571428571429 1.0
198.62737 -72.885704 -358.2935 39 13 0.7858571428571429 1.0
217.79604 -80.5626 -377.6691 39 13 0.7858571428571429 1.0
236.71881 -88.43849 -397.25696 39 13 0.7858571428571429 1.0
255.77596 -96.37164 -416.8067 39 13 0.7858571428571429 1.0
274.7446 -104.44448 -436.4639 39 13 0.7858571428571429 1.0
293.54828 -112.68629 -455.90405 39 13 0.7858571428571429 1.0
312.41583 -121.009254 -475.72495 39 13 0.7858571428571429 1.0
331.2928 -129.43297 -495.19943 39 13 0.7858571428571429 1.0
350.0902 -137.9914 -514.8029 39 13 0.7858571428571429 1.0
368.79495 -146.68959 -534.3084 39 13 0.7858571428571429 1.0
387.3188 -155.56296 -554.03143 39 13 0.7858571428571429 1.0
406.00925 -164.47165 -573.5617 39 13 0.7858571428571429 1.0
442.94766 -182.77203 -612.67773 39 13 0.7858571428571429 1.0
461.52493 -192.02782 -632.3943 39 13 0.7858571428571429 1.0
498.3193 -210.9851 -671.6354 39 13 0.7858571428571429 1.0
516.38727 -220.75082 -691.12915 39 13 0.7858571428571429 1.0
534.63727 -230.5366 -710.8919 39 13 0.7858571428571429 1.0
552.63556 -240.5279 -730.54584 39 13 0.7858571428571429 1.0
570.756 -250.56235 -750.0628 39 13 0.7858571428571429 1.0
588.7222 -260.7597 -769.7153 39 13 0.7858571428571429 1.0
606.7911 -271.0059 -789.3635 39 13 0.7858571428571429 1.0
624.59644 -281.4634 -809.19214 39 13 0.7858571428571429 1.0
642.56744 -291.93912 -828.7358 39 13 0.7858571428571429 1.0
660.35156 -302.59143 -848.49 39 13 0.7858571428571429 1.0
677.81525 -313.48297 -868.1001 39 13 0.7858571428571429 1.0
695.64496 -324.29626 -887.77625 39 13 0.7858571428571429 1.0
713.215 -335.3199 -907.52246 39 13 0.7858571428571429 1.0
730.82434 -346.41388 -927.43365 39 13 0.7858571428571429 1.0
748.2481 -357.68393 -946.8624 39 13 0.7858571428571429 1.0
765.36475 -369.1896 -966.6564 39 13 0.7858571428571429 1.0
-27.257595 141.98099 -665.027 40 13 0.7858571428571429 1.0
-31.814596 162.05821 -735.82837 40 13 0.7858571428571429 1.0
-36.448833 182.24602 -806.4062 40 13 0.7858571428571429 1.0
-41.228508 202.20178 -877.16675 40 13 0.7858571428571429 1.0
-46.084816 222.26758 -948.08734 40 13 0.7858571428571429 1.0
-51.02699 242.39221 -1018.7732 40 13 0.7858571428571429 1.0
-56.11683 262.2825 -1089.6171 40 13 0.7858571428571429 1.0
-61.301914 282.1884 -1160.1105 40 13 0.7858571428571429 1.0
-66.620514 301.93378 -1231.1062 40 13 0.7858571428571429 1.0
-71.99111 321.88812 -1301.8777 40 13 0.7858571428571429 1.0
-77.45533 341.85745 -1372.5564 40 13 0.7858571428571429 1.0
-83.091034 361.50037 -1443.3145 40 13 0.7858571428571429 1.0
-88.75737 381.4332 -1514.1874 40 13 0.7858571428571429 1.0
-94.59592 401.04233 -1585.0753 40 13 0.7858571428571429 1.0
-106.44419 440.7604 -1726.5 40 13 0.7858571428571429 1.0
-112.56041 460.41824 -1797.6288 40 13 0.7858571428571429 1.0
-118.77812 480.05344 -1868.3228 40 13 0.7858571428571429 1.0
-125.062874 499.80264 -1939.4155 40 13 0.7858571428571429 1.0
-131.5141 519.2676 -2010.3268 40 13 0.7858571428571429 1.0
-137.96774 539.09674 -2080.854 40 13 0.7858571428571429 1.0
-151.3658 577.94635 -2223.0105 40 13 0.7858571428571429 1.0
-158.17842 597.4789 -2293.6877 40 13 0.7858571428571429 1.0
-165.09923 616.95654 -2364.8188 40 13 0.7858571428571429 1.0
-21.591269 138.49048 -10.662506 41 10 0.5715714285714286 0.857
-26.399157 179.64253 -39.57412 41 10 0.5715714285714286 0.857
-29.04581 199.87288 -53.969864 41 10 0.5715714285714286 0.857
-31.783182 220.35463 -68.50731 41 10 0.5715714285714286 0.857
-34.66225 240.73787 -82.98054 41 10 0.5715714285714286 0.857
-37.6629 261.16083 -97.241714 41 10 0.5715714285714286 0.857
-40.81232 281.43448 -111.85428 41 10 0.5715714285714286 0.857
-44.09923 301.63773 -126.19117 41 10 0.5715714285714286 0.857
-47.48064 322.06335 -140.63332 41 10 0.5715714285714286 0.857
-50.993774 342.4537 -155.04732 41 10 0.5715714285714286 0.857
-54.66053 362.66272 -169.59787 41 10 0.5715714285714286 0.857
-58.41161 383.14944 -183.99863 41 10 0.5715714285714286 0.857
-62.349697 403.23737 -198.50104 41 10 0.5715714285714286 0.857
-66.394615 423.45206 -212.97475 41 10 0.5715714285714286 0.857
-70.57113 443.631 -227.50099 41 10 0.5715714285714286 0.857
-74.896576 463.66647 -242.00128 41 10 0.5715714285714286 0.857
-79.27814 484.12964 -256.3267 41 10 0.5715714285714286 0.857
-83.8655 504.0995 -270.83487 41 10 0.5715714285714286 0.857
-88.54748 524.25446 -285.162 41 10 0.5715714285714286 0.857
-93.3812 544.2512 -299.68073 41 10 0.5715714285714286 0.857
-98.30361 564.457 -314.3436 41 10 0.5715714285714286 0.857
-103.40586 584.3448 -328.7171 41 10 0.5715714285714286 0.857
-108.55302 604.67834 -343.20035 41 10 0.5715714285714286 0.857
-113.94891 624.3177 -357.7495 41 10 0.5715714285714286 0.857
-119.40557 644.3072 -372.00928 41 10 0.5715714285714286 0.857
-124.952545 664.4716 -386.82147 41 10 0.5715714285714286 0.857
-130.7025 684.21106 -401.4069 41 10 0.5715714285714286 0.857
-136.53178 704.18005 -415.71707 41 10 0.5715714285714286 0.857
-142.52031 723.96027 -430.3094 41 10 0.5715714285714286 0.857
-148.61931 743.8018 -444.89453 41 10 0.5715714285714286 0.857
-154.86888 763.50214 -459.03894 41 10 0.5715714285714286 0.857
-161.22012 783.3027 -473.81613 41 10 0.5715714285714286 0.857
-167.72128 802.9659 -488.3223 41 10 0.5715714285714286 0.857
-174.33073 822.6917 -502.9961 41 10 0.5715714285714286 0.857
116.10591 -85.86679 -95.6866 42 11 0.643 0.9284285714285714
132.58142 -98.235954 -81.21597 42 11 0.643 0.9284285714285714
148.95976 -110.72668 -66.7345 42 11 0.643 0.9284285714285714
165.3664 -123.244644 -52.36908 42 11 0.643 0.9284285714285714
181.36359 -136.11609 -37.81039 42 11 0.643 0.9284285714285714
197.49089 -148.93729 -23.371853 42 11 0.643 0.9284285714285714
213.62283 -161.80011 -9.088073 42 11 0.643 0.9284285714285714
229.42845 -174.95467 5.5590725 42 11 0.643 0.9284285714285714
245.56316 -187.9014 20.179115 42 11 0.643 0.9284285714285714
261.20123 -201.26997 34.29146 42 11 0.643 0.9284285714285714
276.98715 -214.56584 48.90417 42 11 0.643 0.9284285714285714
292.61862 -228.02061 63.329494 42 11 0.643 0.9284285714285714
308.27893 -241.49069 77.86287 42 11 0.643 0.9284285714285714
323.55023 -255.30319 92.30186 42 11 0.643 0.9284285714285714
338.96954 -269.0355 106.7977 42 11 0.643 0.9284285714285714
354.29346 -282.87772 121.41982 42 11 0.643 0.9284285714285714
369.35486 -296.9634 135.76157 42 11 0.643 0.9284285714285714
384.5237 -310.99518 150.16345 42 11 0.643 0.9284285714285714
399.60913 -325.12454 164.8864 42 11 0.643 0.9284285714285714
414.4958 -339.44504 179.13281 42 11 0.643 0.9284285714285714
443.97766 -368.40982 208.54787 42 11 0.643 0.9284285714285714
458.71475 -382.93417 222.88048 42 11 0.643 0.9284285714285714
473.31314 -397.5979 237.3733 42 11 0.643 0.9284285714285714
487.70142 -412.46118 251.97778 42 11 0.643 0.9284285714285714
502.0757 -427.35822 266.37082 42 11 0.643 0.9284285714285714
516.4352 -442.28745 281.14005 42 11 0.643 0.9284285714285714
530.5355 -457.45743 295.59637 42 11 0.643 0.9284285714285714
544.46295 -472.79514 310.08804 42 11 0.643 0.9284285714285714
558.53424 -488.0243 324.5948 42 11 0.643 0.9284285714285714
572.55145 -503.314 339.10858 42 11 0.643 0.9284285714285714
586.2702 -518.8789 353.73584 42 11 0.643 0.9284285714285714
599.9565 -534.4847 368.1982 42 11 0.643 0.9284285714285714
613.5182 -550.2118 382.62677 42 11 0.643 0.9284285714285714
627.0429 -565.9807 397.2786 42 11 0.643 0.9284285714285714
-71.827545 -103.15626 22.87569 43 2 0.00014285714285713902 0.2855714285714286
-84.4614 -119.48485 28.024607 43 2 0.00014285714285713902 0.2855714285714286
-96.981186 -135.88313 33.138325 43 2 0.00014285714285713902 0.2855714285714286
-109.51203 -152.17786 38.288864 43 2 0.00014285714285713902 0.2855714285714286
-121.76517 -168.76985 43.12399 43 2 0.00014285714285713902 0.2855714285714286
-133.95943 -185.35248 48.278896 43 2 0.00014285714285713902 0.2855714285714286
-145.95837 -202.11264 53.123993 43 2 0.00014285714285713902 0.2855714285714286
-157.63708 -219.22176 58.103104 43 2 0.00014285714285713902 0.2855714285714286
-169.47174 -236.01643 63.54458 43 2 0.00014285714285713902 0.2855714285714286
-180.96928 -253.17969 68.40038 43 2 0.00014285714285713902 0.2855714285714286
-192.35283 -270.399 73.54137 43 2 0.00014285714285713902 0.2855714285714286
-203.52628 -287.80716 78.41649 43 2 0.00014285714285713902 0.2855714285714286
-214.59694 -305.25092 83.420006 43 2 0.00014285714285713902 0.2855714285714286
-236.34056 -340.35953 93.533394 43 2 0.00014285714285713902 0.2855714285714286
-246.8909 -358.19647 98.53037 43 2 0.00014285714285713902 0.2855714285714286
-257.33362 -376.0653 103.60174 43 2 0.00014285714285713902 0.2855714285714286
-267.621 -394.03244 108.675 43 2 0.00014285714285713902 0.2855714285714286
-277.77014 -412.0702 113.778534 43 2 0.00014285714285713902 0.2855714285714286
-287.895 -430.0051 118.886986 43 2 0.00014285714285713902 0.2855714285714286
-297.56567 -448.4778 123.897644 43 2 0.00014285714285713902 0.2855714285714286
-307.1729 -466.90308 129.04791 43 2 0.00014285714285713902 0.2855714285714286
-316.86853 -485.0422 134.21593 43 2 0.00014285714285713902 0.2855714285714286
-335.1162 -522.60876 144.37175 43 2 0.00014285714285713902 0.2855714285714286
-344.16693 -541.2647 149.26471 43 2 0.00014285714285713902 0.2855714285714286
-352.9684 -560.1442 154.67159 43 2 0.00014285714285713902 0.2855714285714286
-361.64758 -579.04517 159.5559 43 2 0.00014285714285713902 0.2855714285714286
-370.06198 -598.19336 164.5708 43 2 0.00014285714285713902 0.2855714285714286
-378.39432 -617.29254 169.85403 43 2 0.00014285714285713902 0.2855714285714286
-386.59122 -636.4242 175.03099 43 2 0.00014285714285713902 0.2855714285714286
-394.62595 -655.6286 179.96431 43 2 0.00014285714285713902 0.2855714285714286
-402.38116 -675.09955 184.98674 43 2 0.00014285714285713902 0.2855714285714286
-409.9084 -694.75244 190.11464 43 2 0.00014285714285713902 0.2855714285714286
-417.43622 -714.1964 195.33565 43 2 0.00014285714285713902 0.2855714285714286
-88.99055 120.496925 77.5118 44 6 0.2858571428571428 0.5712857142857143
-102.29518 136.17699 74.15075 44 6 0.2858571428571428 0.5712857142857143
-115.68465 151.89096 70.76492 44 6 0.2858571428571428 0.5712857142857143
-157.39182 197.77719 60.89702 44 6 0.2858571428571428 0.5712857142857143
-171.80812 212.63118 57.900536 44 6 0.2858571428571428 0.5712857142857143
-186.53506 227.18872 54.50806 44 6 0.2858571428571428 0.5712857142857143
-201.4904 241.54549 51.11822 44 6 0.2858571428571428 0.5712857142857143
-216.76436 255.5875 47.795906 44 6 0.2858571428571428 0.5712857142857143
-232.00996 269.71536 44.772682 44 6 0.2858571428571428 0.5712857142857143
-247.73314 283.3295 41.278732 44 6 0.2858571428571428 0.5712857142857143
-263.62582 296.78305 37.83709 44 6 0.2858571428571428 0.5712857142857143
-296.28787 322.76718 31.43393 44 6 0.2858571428571428 0.5712857142857143
-312.84183 335.522 28.13965 44 6 0.2858571428571428 0.5712857142857143
-329.79953 347.83533 24.633879 44 6 0.2858571428571428 0.5712857142857143
-346.92896 359.95047 21.597075 44 6 0.2858571428571428 0.5712857142857143
-364.19138 371.89783 17.993378 44 6 0.2858571428571428 0.5712857142857143
-381.75525 383.49725 14.906752 44 6 0.2858571428571428 0.5712857142857143
-399.54434 394.8216 11.403176 44 6 0.2858571428571428 0.5712857142857143
-417.62317 405.80197 8.111419 44 6 0.2858571428571428 0.5712857142857143
-454.10883 427.2282 1.299574 44 6 0.2858571428571428 0.5712857142857143
-472.78387 437.40326 -1.9339631 44 6 0.2858571428571428 0.5712857142857143
-491.69623 447.26202 -5.464375 44 6 0.2858571428571428 0.5712857142857143
-510.6373 456.98593 -8.68155 44 6 0.2858571428571428 0.5712857142857143
-529.85956 466.33847 -12.202515 44 6 0.2858571428571428 0.5712857142857143
-549.498 475.19986 -15.4092 44 6 0.2858571428571428 0.5712857142857143
-569.12494 483.93668 -18.885479 44 6 0.2858571428571428 0.5712857142857143
-588.92224 492.38116 -22.320772 44 6 0.2858571428571428 0.5712857142857143
-608.9979 500.43686 -25.859425 44 6 0.2858571428571428 0.5712857142857143
-629.13794 508.27362 -29.20443 44 6 0.2858571428571428 0.5712857142857143
-649.61096 515.66614 -32.714832 44 6 0.2858571428571428 0.5712857142857143
-670.2753 522.7243 -36.17792 44 6 0.2858571428571428 0.5712857142857143
58.78136 133.19489 -68.1938 45 6 0.2858571428571428 0.5712857142857143
67.18125 151.96173 -92.346695 45 6 0.2858571428571428 0.5712857142857143
75.46993 170.67873 -116.27925 45 6 0.2858571428571428 0.5712857142857143
83.52267 189.62508 -140.19347 45 6 0.2858571428571428 0.5712857142857143
99.01113 227.99524 -188.46828 45 6 0.2858571428571428 0.5712857142857143
106.61746 247.02234 -212.46872 45 6 0.2858571428571428 0.5712857142857143
113.89904 266.47958 -236.58646 45 6 0.2858571428571428 0.5712857142857143
121.16636 285.64136 -260.55307 45 6 0.2858571428571428 0.5712857142857143
128.16182 305.10846 -284.6706 45 6 0.2858571428571428 0.5712857142857143
141.68091 344.14133 -332.88763 45 6 0.2858571428571428 0.5712857142857143
148.13715 363.86536 -356.9818 45 6 0.2858571428571428 0.5712857142857143
154.50949 383.4339 -381.0234 45 6 0.2858571428571428 0.5712857142857143
160.67943 403.1344 -405.11313 45 6 0.2858571428571428 0.5712857142857143
166.56297 423.17972 -429.43304 45 6 0.2858571428571428 0.5712857142857143
183.48007 482.8697 -501.61578 45 6 0.2858571428571428 0.5712857142857143
188.78955 502.81857 -526.1737 45 6 0.2858571428571428 0.5712857142857143
193.84703 523.0221 -550.02747 45 6 0.2858571428571428 0.5712857142857143
198.78131 543.1333 -574.42126 45 6 0.2858571428571428 0.5712857142857143
203.53697 563.297 -598.66376 45 6 0.2858571428571428 0.5712857142857143
208.04659 583.6993 -622.7659 45 6 0.2858571428571428 0.5712857142857143
212.58067 603.576 -647.28485 45 6 0.2858571428571428 0.5712857142857143
216.70802 624.1427 -671.35474 45 6 0.2858571428571428 0.5712857142857143
220.67468 644.70447 -695.62665 45 6 0.2858571428571428 0.5712857142857143
228.17119 685.65576 -744.31146 45 6 0.2858571428571428 0.5712857142857143
231.69049 706.06213 -768.66394 45 6 0.2858571428571428 0.5712857142857143
234.93944 726.77686 -793.21985 45 6 0.2858571428571428 0.5712857142857143
238.04245 747.4179 -817.3611 45 6 0.2858571428571428 0.5712857142857143
240.92395 768.2178 -841.8024 45 6 0.2858571428571428 0.5712857142857143
243.69937 788.80493 -866.1357 45 6 0.2858571428571428 0.5712857142857143
246.21272 809.67706 -890.64905 45 6 0.2858571428571428 0.5712857142857143
